  US Bi                                  
 100
Core Pot   L  =        0.00000  -1.06272
 -0.20000000E+01 0.85059680E+00
 -0.19600000E+01 0.82071666E+00
 -0.19200000E+01 0.78965804E+00
 -0.18800000E+01 0.75731349E+00
 -0.18400000E+01 0.72356137E+00
 -0.18000000E+01 0.68826354E+00
 -0.17600000E+01 0.65126242E+00
 -0.17200000E+01 0.61237738E+00
 -0.16800000E+01 0.57140043E+00
 -0.16400000E+01 0.52809075E+00
 -0.16000000E+01 0.48216789E+00
 -0.15600000E+01 0.43330334E+00
 -0.15200000E+01 0.38110960E+00
 -0.14800000E+01 0.32512639E+00
 -0.14400000E+01 0.26480262E+00
 -0.14000000E+01 0.19947272E+00
 -0.13600000E+01 0.12832536E+00
 -0.13200000E+01 0.50361083E-01
 -0.12800000E+01-0.35665674E-01
 -0.12400000E+01-0.13132739E+00
 -0.12000000E+01-0.23863835E+00
 -0.11600000E+01-0.36022172E+00
 -0.11200000E+01-0.49955854E+00
 -0.10800000E+01-0.66136991E+00
 -0.10400000E+01-0.85222340E+00
 -0.10000000E+01-0.10815340E+01
 -0.96000000E+00-0.13632952E+01
 -0.92000000E+00-0.17192481E+01
 -0.88000000E+00-0.21851055E+01
 -0.84000000E+00-0.28239250E+01
 -0.80000000E+00-0.37584783E+01
 -0.76000000E+00-0.52638657E+01
 -0.72000000E+00-0.81100093E+01
 -0.68000000E+00-0.15583283E+02
 -0.64000000E+00-0.89703046E+02
 -0.60000000E+00 0.27123715E+02
 -0.56000000E+00 0.12385067E+02
 -0.52000000E+00 0.82531814E+01
 -0.48000000E+00 0.63013777E+01
 -0.44000000E+00 0.51602261E+01
 -0.40000000E+00 0.44086231E+01
 -0.36000000E+00 0.38740423E+01
 -0.32000000E+00 0.34727021E+01
 -0.28000000E+00 0.31590051E+01
 -0.24000000E+00 0.29060094E+01
 -0.20000000E+00 0.26967722E+01
 -0.16000000E+00 0.25201048E+01
 -0.12000000E+00 0.23683200E+01
 -0.80000000E-01 0.22359620E+01
 -0.40000000E-01 0.21190504E+01
  0.12351231E-14 0.20146135E+01
  0.40000000E-01 0.19203870E+01
  0.80000000E-01 0.18346149E+01
  0.12000000E+00 0.17559147E+01
  0.16000000E+00 0.16831825E+01
  0.20000000E+00 0.16155259E+01
  0.24000000E+00 0.15522156E+01
  0.28000000E+00 0.14926494E+01
  0.32000000E+00 0.14363256E+01
  0.36000000E+00 0.13828224E+01
  0.40000000E+00 0.13317827E+01
  0.44000000E+00 0.12829018E+01
  0.48000000E+00 0.12359179E+01
  0.52000000E+00 0.11906046E+01
  0.56000000E+00 0.11467650E+01
  0.60000000E+00 0.11042270E+01
  0.64000000E+00 0.10628389E+01
  0.68000000E+00 0.10224668E+01
  0.72000000E+00 0.98299136E+00
  0.76000000E+00 0.94430624E+00
  0.80000000E+00 0.90631578E+00
  0.84000000E+00 0.86893368E+00
  0.88000000E+00 0.83208172E+00
  0.92000000E+00 0.79568863E+00
  0.96000000E+00 0.75968916E+00
  0.10000000E+01 0.72402331E+00
  0.10400000E+01 0.68863561E+00
  0.10800000E+01 0.65347456E+00
  0.11200000E+01 0.61849211E+00
  0.11600000E+01 0.58364318E+00
  0.12000000E+01 0.54888531E+00
  0.12400000E+01 0.51417825E+00
  0.12800000E+01 0.47948374E+00
  0.13200000E+01 0.44476517E+00
  0.13600000E+01 0.40998722E+00
  0.14000000E+01 0.37511597E+00
  0.14400000E+01 0.34011830E+00
  0.14800000E+01 0.30496203E+00
  0.15200000E+01 0.26961554E+00
  0.15600000E+01 0.23404759E+00
  0.16000000E+01 0.19822734E+00
  0.16400000E+01 0.16212411E+00
  0.16800000E+01 0.12570723E+00
  0.17200000E+01 0.88945964E-01
  0.17600000E+01 0.51809271E-01
  0.18000000E+01 0.14265810E-01
  0.18400000E+01-0.23716261E-01
  0.18800000E+01-0.62169422E-01
  0.19200000E+01-0.10112685E+00
  0.19600000E+01-0.14062260E+00
  0.20000000E+01-0.18069176E+00
Potential  L  =        0.00000  -1.06272
 -0.20000000E+01 0.96610475E+00
 -0.19600000E+01 0.94039174E+00
 -0.19200000E+01 0.91370672E+00
 -0.18800000E+01 0.88594940E+00
 -0.18400000E+01 0.85700388E+00
 -0.18000000E+01 0.82673544E+00
 -0.17600000E+01 0.79498642E+00
 -0.17200000E+01 0.76157112E+00
 -0.16800000E+01 0.72626915E+00
 -0.16400000E+01 0.68881682E+00
 -0.16000000E+01 0.64889585E+00
 -0.15600000E+01 0.60611834E+00
 -0.15200000E+01 0.56000642E+00
 -0.14800000E+01 0.50996437E+00
 -0.14400000E+01 0.45523969E+00
 -0.14000000E+01 0.39486751E+00
 -0.13600000E+01 0.32758971E+00
 -0.13200000E+01 0.25173388E+00
 -0.12800000E+01 0.16502671E+00
 -0.12400000E+01 0.64297049E-01
 -0.12000000E+01-0.55017124E-01
 -0.11600000E+01-0.19972639E+00
 -0.11200000E+01-0.38047180E+00
 -0.10800000E+01-0.61486105E+00
 -0.10400000E+01-0.93428959E+00
 -0.10000000E+01-0.14007281E+01
 -0.96000000E+00-0.21559333E+01
 -0.92000000E+00-0.36108286E+01
 -0.88000000E+00-0.76617961E+01
 -0.84000000E+00-0.87429041E+02
 -0.80000000E+00 0.11310851E+02
 -0.76000000E+00 0.57361920E+01
 -0.72000000E+00 0.40007891E+01
 -0.68000000E+00 0.31462063E+01
 -0.64000000E+00 0.26322577E+01
 -0.60000000E+00 0.22853815E+01
 -0.56000000E+00 0.20327194E+01
 -0.52000000E+00 0.18383275E+01
 -0.48000000E+00 0.16824217E+01
 -0.44000000E+00 0.15532111E+01
 -0.40000000E+00 0.14432286E+01
 -0.36000000E+00 0.13475125E+01
 -0.32000000E+00 0.12626351E+01
 -0.28000000E+00 0.11861498E+01
 -0.24000000E+00 0.11162615E+01
 -0.20000000E+00 0.10516213E+01
 -0.16000000E+00 0.99119406E+00
 -0.12000000E+00 0.93417008E+00
 -0.80000000E-01 0.87990518E+00
 -0.40000000E-01 0.82787860E+00
  0.12351231E-14 0.77766296E+00
  0.40000000E-01 0.72890241E+00
  0.80000000E-01 0.68129651E+00
  0.12000000E+00 0.63458802E+00
  0.16000000E+00 0.58855365E+00
  0.20000000E+00 0.54299682E+00
  0.24000000E+00 0.49774201E+00
  0.28000000E+00 0.45263025E+00
  0.32000000E+00 0.40751542E+00
  0.36000000E+00 0.36226124E+00
  0.40000000E+00 0.31673872E+00
  0.44000000E+00 0.27082400E+00
  0.48000000E+00 0.22439637E+00
  0.52000000E+00 0.17733665E+00
  0.56000000E+00 0.12952556E+00
  0.60000000E+00 0.80842208E-01
  0.64000000E+00 0.31162634E-01
  0.68000000E+00-0.19641636E-01
  0.72000000E+00-0.71705110E-01
  0.76000000E+00-0.12516991E+00
  0.80000000E+00-0.18018748E+00
  0.84000000E+00-0.23692046E+00
  0.88000000E+00-0.29554474E+00
  0.92000000E+00-0.35625185E+00
  0.96000000E+00-0.41925160E+00
  0.10000000E+01-0.48477521E+00
  0.10400000E+01-0.55307892E+00
  0.10800000E+01-0.62444822E+00
  0.11200000E+01-0.69920290E+00
  0.11600000E+01-0.77770304E+00
  0.12000000E+01-0.86035626E+00
  0.12400000E+01-0.94762643E+00
  0.12800000E+01-0.10400444E+01
  0.13200000E+01-0.11382210E+01
  0.13600000E+01-0.12428636E+01
  0.14000000E+01-0.13547962E+01
  0.14400000E+01-0.14749851E+01
  0.14800000E+01-0.16045719E+01
  0.15200000E+01-0.17449154E+01
  0.15600000E+01-0.18976464E+01
  0.16000000E+01-0.20647402E+01
  0.16400000E+01-0.22486130E+01
  0.16800000E+01-0.24522526E+01
  0.17200000E+01-0.26793996E+01
  0.17600000E+01-0.29348000E+01
  0.18000000E+01-0.32245688E+01
  0.18400000E+01-0.35567226E+01
  0.18800000E+01-0.39419818E+01
  0.19200000E+01-0.43950171E+01
  0.19600000E+01-0.49364540E+01
  0.20000000E+01-0.55962376E+01
Core Pot   L  =        1.00000  -0.33990
 -0.20000000E+01 0.11145003E+01
 -0.19600000E+01 0.10957715E+01
 -0.19200000E+01 0.10767394E+01
 -0.18800000E+01 0.10573914E+01
 -0.18400000E+01 0.10377138E+01
 -0.18000000E+01 0.10176926E+01
 -0.17600000E+01 0.99731236E+00
 -0.17200000E+01 0.97655701E+00
 -0.16800000E+01 0.95540926E+00
 -0.16400000E+01 0.93385065E+00
 -0.16000000E+01 0.91186148E+00
 -0.15600000E+01 0.88942063E+00
 -0.15200000E+01 0.86650548E+00
 -0.14800000E+01 0.84309177E+00
 -0.14400000E+01 0.81915344E+00
 -0.14000000E+01 0.79466241E+00
 -0.13600000E+01 0.76958845E+00
 -0.13200000E+01 0.74389891E+00
 -0.12800000E+01 0.71755851E+00
 -0.12400000E+01 0.69052905E+00
 -0.12000000E+01 0.66276907E+00
 -0.11600000E+01 0.63423358E+00
 -0.11200000E+01 0.60487356E+00
 -0.10800000E+01 0.57463555E+00
 -0.10400000E+01 0.54346112E+00
 -0.10000000E+01 0.51128631E+00
 -0.96000000E+00 0.47804085E+00
 -0.92000000E+00 0.44364752E+00
 -0.88000000E+00 0.40802110E+00
 -0.84000000E+00 0.37106738E+00
 -0.80000000E+00 0.33268196E+00
 -0.76000000E+00 0.29274874E+00
 -0.72000000E+00 0.25113828E+00
 -0.68000000E+00 0.20770580E+00
 -0.64000000E+00 0.16228886E+00
 -0.60000000E+00 0.11470453E+00
 -0.56000000E+00 0.64746038E-01
 -0.52000000E+00 0.12178744E-01
 -0.48000000E+00-0.43264698E-01
 -0.44000000E+00-0.10189031E+00
 -0.40000000E+00-0.16405004E+00
 -0.36000000E+00-0.23015079E+00
 -0.32000000E+00-0.30066552E+00
 -0.28000000E+00-0.37614731E+00
 -0.24000000E+00-0.45724711E+00
 -0.20000000E+00-0.54473640E+00
 -0.16000000E+00-0.63953651E+00
 -0.12000000E+00-0.74275690E+00
 -0.80000000E-01-0.85574581E+00
 -0.40000000E-01-0.98015825E+00
  0.12351231E-14-0.11180486E+01
  0.40000000E-01-0.12719987E+01
  0.80000000E-01-0.14452993E+01
  0.12000000E+00-0.16422111E+01
  0.16000000E+00-0.18683504E+01
  0.20000000E+00-0.21312759E+01
  0.24000000E+00-0.24414071E+01
  0.28000000E+00-0.28135206E+01
  0.32000000E+00-0.32692926E+01
  0.36000000E+00-0.38418598E+01
  0.40000000E+00-0.45845471E+01
  0.44000000E+00-0.55890058E+01
  0.48000000E+00-0.70271903E+01
  0.52000000E+00-0.92639800E+01
  0.56000000E+00-0.13233225E+02
  0.60000000E+00-0.22255338E+02
  0.64000000E+00-0.63150770E+02
  0.68000000E+00 0.83984449E+02
  0.72000000E+00 0.26006513E+02
  0.76000000E+00 0.15639646E+02
  0.80000000E+00 0.11299893E+02
  0.84000000E+00 0.89100390E+01
  0.88000000E+00 0.73936756E+01
  0.92000000E+00 0.63435068E+01
  0.96000000E+00 0.55713641E+01
  0.10000000E+01 0.49783118E+01
  0.10400000E+01 0.45073578E+01
  0.10800000E+01 0.41233560E+01
  0.11200000E+01 0.38034535E+01
  0.11600000E+01 0.35321477E+01
  0.12000000E+01 0.32985507E+01
  0.12400000E+01 0.30947908E+01
  0.12800000E+01 0.29150355E+01
  0.13200000E+01 0.27548707E+01
  0.13600000E+01 0.26108945E+01
  0.14000000E+01 0.24804420E+01
  0.14400000E+01 0.23613962E+01
  0.14800000E+01 0.22520535E+01
  0.15200000E+01 0.21510276E+01
  0.15600000E+01 0.20571783E+01
  0.16000000E+01 0.19695595E+01
  0.16400000E+01 0.18873790E+01
  0.16800000E+01 0.18099685E+01
  0.17200000E+01 0.17367600E+01
  0.17600000E+01 0.16672674E+01
  0.18000000E+01 0.16010725E+01
  0.18400000E+01 0.15378127E+01
  0.18800000E+01 0.14771725E+01
  0.19200000E+01 0.14188758E+01
  0.19600000E+01 0.13626795E+01
  0.20000000E+01 0.13083689E+01
Potential  L  =        1.00000  -0.33990
 -0.20000000E+01 0.11614182E+01
 -0.19600000E+01 0.11434055E+01
 -0.19200000E+01 0.11251019E+01
 -0.18800000E+01 0.11064944E+01
 -0.18400000E+01 0.10875691E+01
 -0.18000000E+01 0.10683112E+01
 -0.17600000E+01 0.10487047E+01
 -0.17200000E+01 0.10287325E+01
 -0.16800000E+01 0.10083764E+01
 -0.16400000E+01 0.98761659E+00
 -0.16000000E+01 0.96643174E+00
 -0.15600000E+01 0.94479890E+00
 -0.15200000E+01 0.92269322E+00
 -0.14800000E+01 0.90008777E+00
 -0.14400000E+01 0.87695334E+00
 -0.14000000E+01 0.85325814E+00
 -0.13600000E+01 0.82896756E+00
 -0.13200000E+01 0.80404379E+00
 -0.12800000E+01 0.77844547E+00
 -0.12400000E+01 0.75212722E+00
 -0.12000000E+01 0.72503917E+00
 -0.11600000E+01 0.69712635E+00
 -0.11200000E+01 0.66832801E+00
 -0.10800000E+01 0.63857685E+00
 -0.10400000E+01 0.60779808E+00
 -0.10000000E+01 0.57590833E+00
 -0.96000000E+00 0.54281437E+00
 -0.92000000E+00 0.50841161E+00
 -0.88000000E+00 0.47258224E+00
 -0.84000000E+00 0.43519311E+00
 -0.80000000E+00 0.39609310E+00
 -0.76000000E+00 0.35510990E+00
 -0.72000000E+00 0.31204629E+00
 -0.68000000E+00 0.26667524E+00
 -0.64000000E+00 0.21873400E+00
 -0.60000000E+00 0.16791701E+00
 -0.56000000E+00 0.11386647E+00
 -0.52000000E+00 0.56160778E-01
 -0.48000000E+00-0.57005211E-02
 -0.44000000E+00-0.72316093E-01
 -0.40000000E+00-0.14440828E+00
 -0.36000000E+00-0.22285685E+00
 -0.32000000E+00-0.30874455E+00
 -0.28000000E+00-0.40341932E+00
 -0.24000000E+00-0.50858098E+00
 -0.20000000E+00-0.62640431E+00
 -0.16000000E+00-0.75971763E+00
 -0.12000000E+00-0.91226859E+00
 -0.80000000E-01-0.10891312E+01
 -0.40000000E-01-0.12973498E+01
  0.12351231E-14-0.15469995E+01
  0.40000000E-01-0.18530130E+01
  0.80000000E-01-0.22385103E+01
  0.12000000E+00-0.27413040E+01
  0.16000000E+00-0.34277759E+01
  0.20000000E+00-0.44261480E+01
  0.24000000E+00-0.60203625E+01
  0.28000000E+00-0.89895591E+01
  0.32000000E+00-0.16522198E+02
  0.36000000E+00-0.75255878E+02
  0.40000000E+00 0.32233350E+02
  0.44000000E+00 0.13721973E+02
  0.48000000E+00 0.88759744E+01
  0.52000000E+00 0.66344652E+01
  0.56000000E+00 0.53371416E+01
  0.60000000E+00 0.44875006E+01
  0.64000000E+00 0.38851694E+01
  0.68000000E+00 0.34337735E+01
  0.72000000E+00 0.30812125E+01
  0.76000000E+00 0.27968531E+01
  0.80000000E+00 0.25615034E+01
  0.84000000E+00 0.23625265E+01
  0.88000000E+00 0.21912607E+01
  0.92000000E+00 0.20415689E+01
  0.96000000E+00 0.19089808E+01
  0.10000000E+01 0.17901616E+01
  0.10400000E+01 0.16825721E+01
  0.10800000E+01 0.15842442E+01
  0.11200000E+01 0.14936276E+01
  0.11600000E+01 0.14094842E+01
  0.12000000E+01 0.13308120E+01
  0.12400000E+01 0.12567910E+01
  0.12800000E+01 0.11867426E+01
  0.13200000E+01 0.11200998E+01
  0.13600000E+01 0.10563846E+01
  0.14000000E+01 0.99518997E+00
  0.14400000E+01 0.93616698E+00
  0.14800000E+01 0.87901371E+00
  0.15200000E+01 0.82346697E+00
  0.15600000E+01 0.76929560E+00
  0.16000000E+01 0.71629495E+00
  0.16400000E+01 0.66428251E+00
  0.16800000E+01 0.61309424E+00
  0.17200000E+01 0.56258156E+00
  0.17600000E+01 0.51260885E+00
  0.18000000E+01 0.46305130E+00
  0.18400000E+01 0.41379315E+00
  0.18800000E+01 0.36472610E+00
  0.19200000E+01 0.31574802E+00
  0.19600000E+01 0.26676178E+00
  0.20000000E+01 0.21767413E+00
Core Pot   L  =        2.00000  -0.20000
 -0.20000000E+01-0.12742790E+01
 -0.19600000E+01 0.71105995E+01
 -0.19200000E+01 0.27630312E+01
 -0.18800000E+01 0.21526432E+01
 -0.18400000E+01 0.19015845E+01
 -0.18000000E+01 0.17601928E+01
 -0.17600000E+01 0.16665467E+01
 -0.17200000E+01 0.15979184E+01
 -0.16800000E+01 0.15439994E+01
 -0.16400000E+01 0.14994361E+01
 -0.16000000E+01 0.14611714E+01
 -0.15600000E+01 0.14273320E+01
 -0.15200000E+01 0.13967052E+01
 -0.14800000E+01 0.13684709E+01
 -0.14400000E+01 0.13420542E+01
 -0.14000000E+01 0.13170396E+01
 -0.13600000E+01 0.12931189E+01
 -0.13200000E+01 0.12700586E+01
 -0.12800000E+01 0.12476777E+01
 -0.12400000E+01 0.12258341E+01
 -0.12000000E+01 0.12044136E+01
 -0.11600000E+01 0.11833238E+01
 -0.11200000E+01 0.11624884E+01
 -0.10800000E+01 0.11418436E+01
 -0.10400000E+01 0.11213357E+01
 -0.10000000E+01 0.11009187E+01
 -0.96000000E+00 0.10805526E+01
 -0.92000000E+00 0.10602026E+01
 -0.88000000E+00 0.10398377E+01
 -0.84000000E+00 0.10194303E+01
 -0.80000000E+00 0.99895525E+00
 -0.76000000E+00 0.97838956E+00
 -0.72000000E+00 0.95771199E+00
 -0.68000000E+00 0.93690267E+00
 -0.64000000E+00 0.91594282E+00
 -0.60000000E+00 0.89481453E+00
 -0.56000000E+00 0.87350057E+00
 -0.52000000E+00 0.85198420E+00
 -0.48000000E+00 0.83024901E+00
 -0.44000000E+00 0.80827883E+00
 -0.40000000E+00 0.78605755E+00
 -0.36000000E+00 0.76356906E+00
 -0.32000000E+00 0.74079714E+00
 -0.28000000E+00 0.71772535E+00
 -0.24000000E+00 0.69433694E+00
 -0.20000000E+00 0.67061479E+00
 -0.16000000E+00 0.64654128E+00
 -0.12000000E+00 0.62209825E+00
 -0.80000000E-01 0.59726690E+00
 -0.40000000E-01 0.57202766E+00
  0.12351231E-14 0.54636020E+00
  0.40000000E-01 0.52024320E+00
  0.80000000E-01 0.49365439E+00
  0.12000000E+00 0.46657033E+00
  0.16000000E+00 0.43896637E+00
  0.20000000E+00 0.41081649E+00
  0.24000000E+00 0.38209320E+00
  0.28000000E+00 0.35276740E+00
  0.32000000E+00 0.32280819E+00
  0.36000000E+00 0.29218274E+00
  0.40000000E+00 0.26085608E+00
  0.44000000E+00 0.22879093E+00
  0.48000000E+00 0.19594746E+00
  0.52000000E+00 0.16228303E+00
  0.56000000E+00 0.12775197E+00
  0.60000000E+00 0.92305193E-01
  0.64000000E+00 0.55889949E-01
  0.68000000E+00 0.18449401E-01
  0.72000000E+00-0.20077794E-01
  0.76000000E+00-0.59757955E-01
  0.80000000E+00-0.10066290E+00
  0.84000000E+00-0.14287057E+00
  0.88000000E+00-0.18646568E+00
  0.92000000E+00-0.23154051E+00
  0.96000000E+00-0.27819580E+00
  0.10000000E+01-0.32654172E+00
  0.10400000E+01-0.37669906E+00
  0.10800000E+01-0.42880052E+00
  0.11200000E+01-0.48299224E+00
  0.11600000E+01-0.53943561E+00
  0.12000000E+01-0.59830925E+00
  0.12400000E+01-0.65981148E+00
  0.12800000E+01-0.72416305E+00
  0.13200000E+01-0.79161048E+00
  0.13600000E+01-0.86242990E+00
  0.14000000E+01-0.93693176E+00
  0.14400000E+01-0.10154662E+01
  0.14800000E+01-0.10984297E+01
  0.15200000E+01-0.11862731E+01
  0.15600000E+01-0.12795113E+01
  0.16000000E+01-0.13787347E+01
  0.16400000E+01-0.14846243E+01
  0.16800000E+01-0.15979691E+01
  0.17200000E+01-0.17196889E+01
  0.17600000E+01-0.18508621E+01
  0.18000000E+01-0.19927624E+01
  0.18400000E+01-0.21469041E+01
  0.18800000E+01-0.23151023E+01
  0.19200000E+01-0.24995517E+01
  0.19600000E+01-0.27029311E+01
  0.20000000E+01-0.29285446E+01
Potential  L  =        2.00000  -0.20000
 -0.20000000E+01 0.14459193E+01
 -0.19600000E+01 0.14326030E+01
 -0.19200000E+01 0.14191747E+01
 -0.18800000E+01 0.14056317E+01
 -0.18400000E+01 0.13919713E+01
 -0.18000000E+01 0.13781906E+01
 -0.17600000E+01 0.13642865E+01
 -0.17200000E+01 0.13502559E+01
 -0.16800000E+01 0.13360955E+01
 -0.16400000E+01 0.13218019E+01
 -0.16000000E+01 0.13073716E+01
 -0.15600000E+01 0.12928009E+01
 -0.15200000E+01 0.12780858E+01
 -0.14800000E+01 0.12632225E+01
 -0.14400000E+01 0.12482066E+01
 -0.14000000E+01 0.12330338E+01
 -0.13600000E+01 0.12176996E+01
 -0.13200000E+01 0.12021991E+01
 -0.12800000E+01 0.11865272E+01
 -0.12400000E+01 0.11706788E+01
 -0.12000000E+01 0.11546483E+01
 -0.11600000E+01 0.11384300E+01
 -0.11200000E+01 0.11220178E+01
 -0.10800000E+01 0.11054052E+01
 -0.10400000E+01 0.10885857E+01
 -0.10000000E+01 0.10715521E+01
 -0.96000000E+00 0.10542970E+01
 -0.92000000E+00 0.10368127E+01
 -0.88000000E+00 0.10190908E+01
 -0.84000000E+00 0.10011227E+01
 -0.80000000E+00 0.98289925E+00
 -0.76000000E+00 0.96441062E+00
 -0.72000000E+00 0.94564658E+00
 -0.68000000E+00 0.92659622E+00
 -0.64000000E+00 0.90724799E+00
 -0.60000000E+00 0.88758963E+00
 -0.56000000E+00 0.86760809E+00
 -0.52000000E+00 0.84728951E+00
 -0.48000000E+00 0.82661913E+00
 -0.44000000E+00 0.80558118E+00
 -0.40000000E+00 0.78415886E+00
 -0.36000000E+00 0.76233419E+00
 -0.32000000E+00 0.74008794E+00
 -0.28000000E+00 0.71739949E+00
 -0.24000000E+00 0.69424672E+00
 -0.20000000E+00 0.67060583E+00
 -0.16000000E+00 0.64645125E+00
 -0.12000000E+00 0.62175536E+00
 -0.80000000E-01 0.59648838E+00
 -0.40000000E-01 0.57061809E+00
  0.12351231E-14 0.54410956E+00
  0.40000000E-01 0.51692491E+00
  0.80000000E-01 0.48902291E+00
  0.12000000E+00 0.46035869E+00
  0.16000000E+00 0.43088321E+00
  0.20000000E+00 0.40054285E+00
  0.24000000E+00 0.36927879E+00
  0.28000000E+00 0.33702639E+00
  0.32000000E+00 0.30371443E+00
  0.36000000E+00 0.26926424E+00
  0.40000000E+00 0.23358869E+00
  0.44000000E+00 0.19659097E+00
  0.48000000E+00 0.15816326E+00
  0.52000000E+00 0.11818504E+00
  0.56000000E+00 0.76521188E-01
  0.60000000E+00 0.33019628E-01
  0.64000000E+00-0.12491389E-01
  0.68000000E+00-0.60206621E-01
  0.72000000E+00-0.11034787E+00
  0.76000000E+00-0.16316883E+00
  0.80000000E+00-0.21896112E+00
  0.84000000E+00-0.27806168E+00
  0.88000000E+00-0.34086195E+00
  0.92000000E+00-0.40781941E+00
  0.96000000E+00-0.47947223E+00
  0.10000000E+01-0.55645791E+00
  0.10400000E+01-0.63953738E+00
  0.10800000E+01-0.72962650E+00
  0.11200000E+01-0.82783773E+00
  0.11600000E+01-0.93553596E+00
  0.12000000E+01-0.10544146E+01
  0.12400000E+01-0.11866009E+01
  0.12800000E+01-0.13348047E+01
  0.13200000E+01-0.15025324E+01
  0.13600000E+01-0.16944039E+01
  0.14000000E+01-0.19166323E+01
  0.14400000E+01-0.21777765E+01
  0.14800000E+01-0.24899640E+01
  0.15200000E+01-0.28709684E+01
  0.15600000E+01-0.33479281E+01
  0.16000000E+01-0.39644529E+01
  0.16400000E+01-0.47953560E+01
  0.16800000E+01-0.59806471E+01
  0.17200000E+01-0.78163389E+01
  0.17600000E+01-0.11055633E+02
  0.18000000E+01-0.18346792E+02
  0.18400000E+01-0.50298070E+02
  0.18800000E+01 0.73446515E+02
  0.19200000E+01 0.21662749E+02
  0.19600000E+01 0.12833397E+02
  0.20000000E+01 0.91705329E+01
Core Pot   L  =        3.00000  -0.10000
 -0.20000000E+01 0.16067979E+01
 -0.19600000E+01 0.15944936E+01
 -0.19200000E+01 0.15820980E+01
 -0.18800000E+01 0.15696092E+01
 -0.18400000E+01 0.15570250E+01
 -0.18000000E+01 0.15443433E+01
 -0.17600000E+01 0.15315619E+01
 -0.17200000E+01 0.15186786E+01
 -0.16800000E+01 0.15056909E+01
 -0.16400000E+01 0.14925964E+01
 -0.16000000E+01 0.14793926E+01
 -0.15600000E+01 0.14660767E+01
 -0.15200000E+01 0.14526460E+01
 -0.14800000E+01 0.14390977E+01
 -0.14400000E+01 0.14254287E+01
 -0.14000000E+01 0.14116359E+01
 -0.13600000E+01 0.13977162E+01
 -0.13200000E+01 0.13836661E+01
 -0.12800000E+01 0.13694820E+01
 -0.12400000E+01 0.13551604E+01
 -0.12000000E+01 0.13406974E+01
 -0.11600000E+01 0.13260890E+01
 -0.11200000E+01 0.13113310E+01
 -0.10800000E+01 0.12964190E+01
 -0.10400000E+01 0.12813485E+01
 -0.10000000E+01 0.12661146E+01
 -0.96000000E+00 0.12507123E+01
 -0.92000000E+00 0.12351364E+01
 -0.88000000E+00 0.12193813E+01
 -0.84000000E+00 0.12034412E+01
 -0.80000000E+00 0.11873099E+01
 -0.76000000E+00 0.11709811E+01
 -0.72000000E+00 0.11544479E+01
 -0.68000000E+00 0.11377033E+01
 -0.64000000E+00 0.11207396E+01
 -0.60000000E+00 0.11035491E+01
 -0.56000000E+00 0.10861231E+01
 -0.52000000E+00 0.10684529E+01
 -0.48000000E+00 0.10505291E+01
 -0.44000000E+00 0.10323417E+01
 -0.40000000E+00 0.10138801E+01
 -0.36000000E+00 0.99513304E+00
 -0.32000000E+00 0.97608862E+00
 -0.28000000E+00 0.95673411E+00
 -0.24000000E+00 0.93705596E+00
 -0.20000000E+00 0.91703970E+00
 -0.16000000E+00 0.89666987E+00
 -0.12000000E+00 0.87592996E+00
 -0.80000000E-01 0.85480224E+00
 -0.40000000E-01 0.83326771E+00
  0.12351231E-14 0.81130596E+00
  0.40000000E-01 0.78889501E+00
  0.80000000E-01 0.76601119E+00
  0.12000000E+00 0.74262895E+00
  0.16000000E+00 0.71872063E+00
  0.20000000E+00 0.69425631E+00
  0.24000000E+00 0.66920350E+00
  0.28000000E+00 0.64352685E+00
  0.32000000E+00 0.61718790E+00
  0.36000000E+00 0.59014461E+00
  0.40000000E+00 0.56235101E+00
  0.44000000E+00 0.53375665E+00
  0.48000000E+00 0.50430614E+00
  0.52000000E+00 0.47393838E+00
  0.56000000E+00 0.44258587E+00
  0.60000000E+00 0.41017383E+00
  0.64000000E+00 0.37661916E+00
  0.68000000E+00 0.34182924E+00
  0.72000000E+00 0.30570051E+00
  0.76000000E+00 0.26811674E+00
  0.80000000E+00 0.22894710E+00
  0.84000000E+00 0.18804366E+00
  0.88000000E+00 0.14523852E+00
  0.92000000E+00 0.10034030E+00
  0.96000000E+00 0.53129817E-01
  0.10000000E+01 0.33548319E-02
  0.10400000E+01-0.49276512E-01
  0.10800000E+01-0.10510380E+00
  0.11200000E+01-0.16452466E+00
  0.11600000E+01-0.22800771E+00
  0.12000000E+01-0.29610921E+00
  0.12400000E+01-0.36949479E+00
  0.12800000E+01-0.44896766E+00
  0.13200000E+01-0.53550639E+00
  0.13600000E+01-0.63031557E+00
  0.14000000E+01-0.73489533E+00
  0.14400000E+01-0.85113798E+00
  0.14800000E+01-0.98146561E+00
  0.15200000E+01-0.11290297E+01
  0.15600000E+01-0.12980082E+01
  0.16000000E+01-0.14940614E+01
  0.16400000E+01-0.17250537E+01
  0.16800000E+01-0.20022429E+01
  0.17200000E+01-0.23423332E+01
  0.17600000E+01-0.27712233E+01
  0.18000000E+01-0.33313436E+01
  0.18400000E+01-0.40973562E+01
  0.18800000E+01-0.52139380E+01
  0.19200000E+01-0.70029959E+01
  0.19600000E+01-0.10354870E+02
  0.20000000E+01-0.18974781E+02
Potential  L  =        3.00000  -0.10000
 -0.20000000E+01 0.16118222E+01
 -0.19600000E+01 0.15994386E+01
 -0.19200000E+01 0.15869616E+01
 -0.18800000E+01 0.15743892E+01
 -0.18400000E+01 0.15617192E+01
 -0.18000000E+01 0.15489495E+01
 -0.17600000E+01 0.15360779E+01
 -0.17200000E+01 0.15231021E+01
 -0.16800000E+01 0.15100197E+01
 -0.16400000E+01 0.14968281E+01
 -0.16000000E+01 0.14835249E+01
 -0.15600000E+01 0.14701073E+01
 -0.15200000E+01 0.14565726E+01
 -0.14800000E+01 0.14429179E+01
 -0.14400000E+01 0.14291403E+01
 -0.14000000E+01 0.14152366E+01
 -0.13600000E+01 0.14012036E+01
 -0.13200000E+01 0.13870380E+01
 -0.12800000E+01 0.13727363E+01
 -0.12400000E+01 0.13582949E+01
 -0.12000000E+01 0.13437100E+01
 -0.11600000E+01 0.13289778E+01
 -0.11200000E+01 0.13140940E+01
 -0.10800000E+01 0.12990545E+01
 -0.10400000E+01 0.12838547E+01
 -0.10000000E+01 0.12684901E+01
 -0.96000000E+00 0.12529559E+01
 -0.92000000E+00 0.12372468E+01
 -0.88000000E+00 0.12213577E+01
 -0.84000000E+00 0.12052830E+01
 -0.80000000E+00 0.11890169E+01
 -0.76000000E+00 0.11725533E+01
 -0.72000000E+00 0.11558859E+01
 -0.68000000E+00 0.11390079E+01
 -0.64000000E+00 0.11219124E+01
 -0.60000000E+00 0.11045919E+01
 -0.56000000E+00 0.10870388E+01
 -0.52000000E+00 0.10692449E+01
 -0.48000000E+00 0.10512016E+01
 -0.44000000E+00 0.10329000E+01
 -0.40000000E+00 0.10143304E+01
 -0.36000000E+00 0.99548289E+00
 -0.32000000E+00 0.97634682E+00
 -0.28000000E+00 0.95691099E+00
 -0.24000000E+00 0.93716357E+00
 -0.20000000E+00 0.91709199E+00
 -0.16000000E+00 0.89668297E+00
 -0.12000000E+00 0.87592241E+00
 -0.80000000E-01 0.85479535E+00
 -0.40000000E-01 0.83328588E+00
  0.12351231E-14 0.81137706E+00
  0.40000000E-01 0.78905089E+00
  0.80000000E-01 0.76628815E+00
  0.12000000E+00 0.74306833E+00
  0.16000000E+00 0.71936951E+00
  0.20000000E+00 0.69516825E+00
  0.24000000E+00 0.67043943E+00
  0.28000000E+00 0.64515609E+00
  0.32000000E+00 0.61928931E+00
  0.36000000E+00 0.59280794E+00
  0.40000000E+00 0.56567847E+00
  0.44000000E+00 0.53786471E+00
  0.48000000E+00 0.50932758E+00
  0.52000000E+00 0.48002479E+00
  0.56000000E+00 0.44991049E+00
  0.60000000E+00 0.41893487E+00
  0.64000000E+00 0.38704379E+00
  0.68000000E+00 0.35417818E+00
  0.72000000E+00 0.32027358E+00
  0.76000000E+00 0.28525940E+00
  0.80000000E+00 0.24905824E+00
  0.84000000E+00 0.21158503E+00
  0.88000000E+00 0.17274599E+00
  0.92000000E+00 0.13243756E+00
  0.96000000E+00 0.90545024E-01
  0.10000000E+01 0.46940994E-01
  0.10400000E+01 0.14835675E-02
  0.10800000E+01-0.45985795E-01
  0.11200000E+01-0.95644796E-01
  0.11600000E+01-0.14769330E+00
  0.12000000E+01-0.20235692E+00
  0.12400000E+01-0.25989133E+00
  0.12800000E+01-0.32058741E+00
  0.13200000E+01-0.38477763E+00
  0.13600000E+01-0.45284370E+00
  0.14000000E+01-0.52522614E+00
  0.14400000E+01-0.60243599E+00
  0.14800000E+01-0.68506964E+00
  0.15200000E+01-0.77382741E+00
  0.15600000E+01-0.86953729E+00
  0.16000000E+01-0.97318543E+00
  0.16400000E+01-0.10859559E+01
  0.16800000E+01-0.12092829E+01
  0.17200000E+01-0.13449210E+01
  0.17600000E+01-0.14950391E+01
  0.18000000E+01-0.16623516E+01
  0.18400000E+01-0.18503006E+01
  0.18800000E+01-0.20633180E+01
  0.19200000E+01-0.23072084E+01
  0.19600000E+01-0.25897264E+01
  0.20000000E+01-0.29214697E+01
Core Pot   L  =        4.00000   0.00000
 -0.20000000E+01 0.18915964E+01
 -0.19600000E+01 0.18813946E+01
 -0.19200000E+01 0.18711422E+01
 -0.18800000E+01 0.18608398E+01
 -0.18400000E+01 0.18504864E+01
 -0.18000000E+01 0.18400807E+01
 -0.17600000E+01 0.18296250E+01
 -0.17200000E+01 0.18191151E+01
 -0.16800000E+01 0.18085515E+01
 -0.16400000E+01 0.17979335E+01
 -0.16000000E+01 0.17872603E+01
 -0.15600000E+01 0.17765311E+01
 -0.15200000E+01 0.17657451E+01
 -0.14800000E+01 0.17549014E+01
 -0.14400000E+01 0.17439991E+01
 -0.14000000E+01 0.17330375E+01
 -0.13600000E+01 0.17220157E+01
 -0.13200000E+01 0.17109326E+01
 -0.12800000E+01 0.16997874E+01
 -0.12400000E+01 0.16885791E+01
 -0.12000000E+01 0.16773067E+01
 -0.11600000E+01 0.16659692E+01
 -0.11200000E+01 0.16545656E+01
 -0.10800000E+01 0.16430948E+01
 -0.10400000E+01 0.16315558E+01
 -0.10000000E+01 0.16199475E+01
 -0.96000000E+00 0.16082686E+01
 -0.92000000E+00 0.15965181E+01
 -0.88000000E+00 0.15846947E+01
 -0.84000000E+00 0.15727972E+01
 -0.80000000E+00 0.15608243E+01
 -0.76000000E+00 0.15487748E+01
 -0.72000000E+00 0.15366473E+01
 -0.68000000E+00 0.15244405E+01
 -0.64000000E+00 0.15121529E+01
 -0.60000000E+00 0.14997831E+01
 -0.56000000E+00 0.14873297E+01
 -0.52000000E+00 0.14747910E+01
 -0.48000000E+00 0.14621656E+01
 -0.44000000E+00 0.14494518E+01
 -0.40000000E+00 0.14366480E+01
 -0.36000000E+00 0.14237525E+01
 -0.32000000E+00 0.14107635E+01
 -0.28000000E+00 0.13976792E+01
 -0.24000000E+00 0.13844977E+01
 -0.20000000E+00 0.13712172E+01
 -0.16000000E+00 0.13578357E+01
 -0.12000000E+00 0.13443510E+01
 -0.80000000E-01 0.13307613E+01
 -0.40000000E-01 0.13170642E+01
  0.12351231E-14 0.13032575E+01
  0.40000000E-01 0.12893390E+01
  0.80000000E-01 0.12753063E+01
  0.12000000E+00 0.12611569E+01
  0.16000000E+00 0.12468883E+01
  0.20000000E+00 0.12324979E+01
  0.24000000E+00 0.12179829E+01
  0.28000000E+00 0.12033407E+01
  0.32000000E+00 0.11885682E+01
  0.36000000E+00 0.11736625E+01
  0.40000000E+00 0.11586205E+01
  0.44000000E+00 0.11434391E+01
  0.48000000E+00 0.11281148E+01
  0.52000000E+00 0.11126443E+01
  0.56000000E+00 0.10970240E+01
  0.60000000E+00 0.10812502E+01
  0.64000000E+00 0.10653190E+01
  0.68000000E+00 0.10492266E+01
  0.72000000E+00 0.10329688E+01
  0.76000000E+00 0.10165412E+01
  0.80000000E+00 0.99993953E+00
  0.84000000E+00 0.98315907E+00
  0.88000000E+00 0.96619503E+00
  0.92000000E+00 0.94904241E+00
  0.96000000E+00 0.93169601E+00
  0.10000000E+01 0.91415040E+00
  0.10400000E+01 0.89639994E+00
  0.10800000E+01 0.87843875E+00
  0.11200000E+01 0.86026069E+00
  0.11600000E+01 0.84185935E+00
  0.12000000E+01 0.82322806E+00
  0.12400000E+01 0.80435984E+00
  0.12800000E+01 0.78524738E+00
  0.13200000E+01 0.76588307E+00
  0.13600000E+01 0.74625893E+00
  0.14000000E+01 0.72636661E+00
  0.14400000E+01 0.70619735E+00
  0.14800000E+01 0.68574199E+00
  0.15200000E+01 0.66499092E+00
  0.15600000E+01 0.64393404E+00
  0.16000000E+01 0.62256076E+00
  0.16400000E+01 0.60085995E+00
  0.16800000E+01 0.57881989E+00
  0.17200000E+01 0.55642826E+00
  0.17600000E+01 0.53367210E+00
  0.18000000E+01 0.51053774E+00
  0.18400000E+01 0.48701075E+00
  0.18800000E+01 0.46307590E+00
  0.19200000E+01 0.43871714E+00
  0.19600000E+01 0.41391744E+00
  0.20000000E+01 0.38865884E+00
Potential  L  =        4.00000   0.00000
 -0.20000000E+01 0.18986251E+01
 -0.19600000E+01 0.18883966E+01
 -0.19200000E+01 0.18781175E+01
 -0.18800000E+01 0.18677867E+01
 -0.18400000E+01 0.18574044E+01
 -0.18000000E+01 0.18469684E+01
 -0.17600000E+01 0.18364810E+01
 -0.17200000E+01 0.18259385E+01
 -0.16800000E+01 0.18153406E+01
 -0.16400000E+01 0.18046875E+01
 -0.16000000E+01 0.17939770E+01
 -0.15600000E+01 0.17832098E+01
 -0.15200000E+01 0.17723840E+01
 -0.14800000E+01 0.17614991E+01
 -0.14400000E+01 0.17505542E+01
 -0.14000000E+01 0.17395480E+01
 -0.13600000E+01 0.17284804E+01
 -0.13200000E+01 0.17173497E+01
 -0.12800000E+01 0.17061538E+01
 -0.12400000E+01 0.16948951E+01
 -0.12000000E+01 0.16835695E+01
 -0.11600000E+01 0.16721761E+01
 -0.11200000E+01 0.16607162E+01
 -0.10800000E+01 0.16491864E+01
 -0.10400000E+01 0.16375860E+01
 -0.10000000E+01 0.16259141E+01
 -0.96000000E+00 0.16141693E+01
 -0.92000000E+00 0.16023506E+01
 -0.88000000E+00 0.15904566E+01
 -0.84000000E+00 0.15784858E+01
 -0.80000000E+00 0.15664365E+01
 -0.76000000E+00 0.15543095E+01
 -0.72000000E+00 0.15421009E+01
 -0.68000000E+00 0.15298102E+01
 -0.64000000E+00 0.15174357E+01
 -0.60000000E+00 0.15049758E+01
 -0.56000000E+00 0.14924293E+01
 -0.52000000E+00 0.14797943E+01
 -0.48000000E+00 0.14670690E+01
 -0.44000000E+00 0.14542520E+01
 -0.40000000E+00 0.14413413E+01
 -0.36000000E+00 0.14283351E+01
 -0.32000000E+00 0.14152318E+01
 -0.28000000E+00 0.14020290E+01
 -0.24000000E+00 0.13887249E+01
 -0.20000000E+00 0.13753176E+01
 -0.16000000E+00 0.13618046E+01
 -0.12000000E+00 0.13481841E+01
 -0.80000000E-01 0.13344536E+01
 -0.40000000E-01 0.13206109E+01
  0.12351231E-14 0.13066534E+01
  0.40000000E-01 0.12925789E+01
  0.80000000E-01 0.12783846E+01
  0.12000000E+00 0.12640679E+01
  0.16000000E+00 0.12496261E+01
  0.20000000E+00 0.12350563E+01
  0.24000000E+00 0.12203557E+01
  0.28000000E+00 0.12055211E+01
  0.32000000E+00 0.11905494E+01
  0.36000000E+00 0.11754374E+01
  0.40000000E+00 0.11601817E+01
  0.44000000E+00 0.11447788E+01
  0.48000000E+00 0.11292250E+01
  0.52000000E+00 0.11135168E+01
  0.56000000E+00 0.10976501E+01
  0.60000000E+00 0.10816209E+01
  0.64000000E+00 0.10654250E+01
  0.68000000E+00 0.10490581E+01
  0.72000000E+00 0.10325156E+01
  0.76000000E+00 0.10157929E+01
  0.80000000E+00 0.99888500E+00
  0.84000000E+00 0.98178689E+00
  0.88000000E+00 0.96449326E+00
  0.92000000E+00 0.94699860E+00
  0.96000000E+00 0.92929717E+00
  0.10000000E+01 0.91138298E+00
  0.10400000E+01 0.89324980E+00
  0.10800000E+01 0.87489113E+00
  0.11200000E+01 0.85630016E+00
  0.11600000E+01 0.83746981E+00
  0.12000000E+01 0.81839266E+00
  0.12400000E+01 0.79906097E+00
  0.12800000E+01 0.77946664E+00
  0.13200000E+01 0.75960118E+00
  0.13600000E+01 0.73945570E+00
  0.14000000E+01 0.71902093E+00
  0.14400000E+01 0.69828705E+00
  0.14800000E+01 0.67724387E+00
  0.15200000E+01 0.65588061E+00
  0.15600000E+01 0.63418601E+00
  0.16000000E+01 0.61214818E+00
  0.16400000E+01 0.58975464E+00
  0.16800000E+01 0.56699226E+00
  0.17200000E+01 0.54384717E+00
  0.17600000E+01 0.52030480E+00
  0.18000000E+01 0.49634974E+00
  0.18400000E+01 0.47196574E+00
  0.18800000E+01 0.44713561E+00
  0.19200000E+01 0.42184119E+00
  0.19600000E+01 0.39606325E+00
  0.20000000E+01 0.36978150E+00
KBPotential  L  =      0.00000  -2.12544
 -0.20000000E+01 0.85055116E+00
 -0.19600000E+01 0.82067471E+00
 -0.19200000E+01 0.78961956E+00
 -0.18800000E+01 0.75727840E+00
 -0.18400000E+01 0.72352949E+00
 -0.18000000E+01 0.68823478E+00
 -0.17600000E+01 0.65123656E+00
 -0.17200000E+01 0.61235429E+00
 -0.16800000E+01 0.57138001E+00
 -0.16400000E+01 0.52807269E+00
 -0.16000000E+01 0.48215193E+00
 -0.15600000E+01 0.43328917E+00
 -0.15200000E+01 0.38109726E+00
 -0.14800000E+01 0.32511528E+00
 -0.14400000E+01 0.26479250E+00
 -0.14000000E+01 0.19946303E+00
 -0.13600000E+01 0.12831640E+00
 -0.13200000E+01 0.50352236E-01
 -0.12800000E+01-0.35674784E-01
 -0.12400000E+01-0.13133663E+00
 -0.12000000E+01-0.23864827E+00
 -0.11600000E+01-0.36023172E+00
 -0.11200000E+01-0.49956866E+00
 -0.10800000E+01-0.66138031E+00
 -0.10400000E+01-0.85223350E+00
 -0.10000000E+01-0.10815434E+01
 -0.96000000E+00-0.13633038E+01
 -0.92000000E+00-0.17192562E+01
 -0.88000000E+00-0.21851170E+01
 -0.84000000E+00-0.28239508E+01
 -0.80000000E+00-0.37585533E+01
 -0.76000000E+00-0.52641057E+01
 -0.72000000E+00-0.81108874E+01
 -0.68000000E+00-0.15588027E+02
 -0.64000000E+00-0.89925489E+02
 -0.60000000E+00 0.27096168E+02
 -0.56000000E+00 0.12377452E+02
 -0.52000000E+00 0.82488021E+01
 -0.48000000E+00 0.62981276E+01
 -0.44000000E+00 0.51574930E+01
 -0.40000000E+00 0.44061491E+01
 -0.36000000E+00 0.38716982E+01
 -0.32000000E+00 0.34704106E+01
 -0.28000000E+00 0.31567155E+01
 -0.24000000E+00 0.29036845E+01
 -0.20000000E+00 0.26943831E+01
 -0.16000000E+00 0.25176274E+01
 -0.12000000E+00 0.23657332E+01
 -0.80000000E-01 0.22332456E+01
 -0.40000000E-01 0.21161860E+01
  0.12351231E-14 0.20115816E+01
  0.40000000E-01 0.19171690E+01
  0.80000000E-01 0.18311913E+01
  0.12000000E+00 0.17522661E+01
  0.16000000E+00 0.16792872E+01
  0.20000000E+00 0.16113616E+01
  0.24000000E+00 0.15477591E+01
  0.28000000E+00 0.14878759E+01
  0.32000000E+00 0.14312089E+01
  0.36000000E+00 0.13773336E+01
  0.40000000E+00 0.13258910E+01
  0.44000000E+00 0.12765750E+01
  0.48000000E+00 0.12291214E+01
  0.52000000E+00 0.11833004E+01
  0.56000000E+00 0.11389120E+01
  0.60000000E+00 0.10957814E+01
  0.64000000E+00 0.10537527E+01
  0.68000000E+00 0.10126887E+01
  0.72000000E+00 0.97246576E+00
  0.76000000E+00 0.93297262E+00
  0.80000000E+00 0.89410879E+00
  0.84000000E+00 0.85578306E+00
  0.88000000E+00 0.81790957E+00
  0.92000000E+00 0.78041123E+00
  0.96000000E+00 0.74321542E+00
  0.10000000E+01 0.70625360E+00
  0.10400000E+01 0.66946156E+00
  0.10800000E+01 0.63277784E+00
  0.11200000E+01 0.59614318E+00
  0.11600000E+01 0.55949994E+00
  0.12000000E+01 0.52279247E+00
  0.12400000E+01 0.48596603E+00
  0.12800000E+01 0.44896540E+00
  0.13200000E+01 0.41173466E+00
  0.13600000E+01 0.37421819E+00
  0.14000000E+01 0.33635827E+00
  0.14400000E+01 0.29809557E+00
  0.14800000E+01 0.25936815E+00
  0.15200000E+01 0.22011095E+00
  0.15600000E+01 0.18025509E+00
  0.16000000E+01 0.13972692E+00
  0.16400000E+01 0.98447088E-01
  0.16800000E+01 0.56328185E-01
  0.17200000E+01 0.13276201E-01
  0.17600000E+01-0.30812865E-01
  0.18000000E+01-0.76055296E-01
  0.18400000E+01-0.12258071E+00
  0.18800000E+01-0.17053605E+00
  0.19200000E+01-0.22008736E+00
  0.19600000E+01-0.27142588E+00
  0.20000000E+01-0.32477101E+00
KBPotential  L  =      1.00000  -0.67980
 -0.20000000E+01 0.11142884E+01
 -0.19600000E+01 0.10955684E+01
 -0.19200000E+01 0.10765449E+01
 -0.18800000E+01 0.10572051E+01
 -0.18400000E+01 0.10375359E+01
 -0.18000000E+01 0.10175230E+01
 -0.17600000E+01 0.99715093E+00
 -0.17200000E+01 0.97640365E+00
 -0.16800000E+01 0.95526384E+00
 -0.16400000E+01 0.93371303E+00
 -0.16000000E+01 0.91173150E+00
 -0.15600000E+01 0.88929814E+00
 -0.15200000E+01 0.86639037E+00
 -0.14800000E+01 0.84298385E+00
 -0.14400000E+01 0.81905253E+00
 -0.14000000E+01 0.79456832E+00
 -0.13600000E+01 0.76950095E+00
 -0.13200000E+01 0.74381816E+00
 -0.12800000E+01 0.71748396E+00
 -0.12400000E+01 0.69046049E+00
 -0.12000000E+01 0.66270625E+00
 -0.11600000E+01 0.63417626E+00
 -0.11200000E+01 0.60482151E+00
 -0.10800000E+01 0.57458844E+00
 -0.10400000E+01 0.54341867E+00
 -0.10000000E+01 0.51124824E+00
 -0.96000000E+00 0.47800744E+00
 -0.92000000E+00 0.44361794E+00
 -0.88000000E+00 0.40799511E+00
 -0.84000000E+00 0.37104462E+00
 -0.80000000E+00 0.33266208E+00
 -0.76000000E+00 0.29273086E+00
 -0.72000000E+00 0.25112199E+00
 -0.68000000E+00 0.20769143E+00
 -0.64000000E+00 0.16227607E+00
 -0.60000000E+00 0.11469382E+00
 -0.56000000E+00 0.64735490E-01
 -0.52000000E+00 0.12169731E-01
 -0.48000000E+00-0.43273201E-01
 -0.44000000E+00-0.10189843E+00
 -0.40000000E+00-0.16405820E+00
 -0.36000000E+00-0.23015899E+00
 -0.32000000E+00-0.30067387E+00
 -0.28000000E+00-0.37615581E+00
 -0.24000000E+00-0.45725583E+00
 -0.20000000E+00-0.54474529E+00
 -0.16000000E+00-0.63954544E+00
 -0.12000000E+00-0.74276578E+00
 -0.80000000E-01-0.85575452E+00
 -0.40000000E-01-0.98016683E+00
  0.12351231E-14-0.11180571E+01
  0.40000000E-01-0.12720076E+01
  0.80000000E-01-0.14453097E+01
  0.12000000E+00-0.16422249E+01
  0.16000000E+00-0.18683696E+01
  0.20000000E+00-0.21313102E+01
  0.24000000E+00-0.24414696E+01
  0.28000000E+00-0.28136360E+01
  0.32000000E+00-0.32695067E+01
  0.36000000E+00-0.38422482E+01
  0.40000000E+00-0.45852636E+01
  0.44000000E+00-0.55903632E+01
  0.48000000E+00-0.70298876E+01
  0.52000000E+00-0.92698073E+01
  0.56000000E+00-0.13247808E+02
  0.60000000E+00-0.22305499E+02
  0.64000000E+00-0.63639759E+02
  0.68000000E+00 0.82971024E+02
  0.72000000E+00 0.25890295E+02
  0.76000000E+00 0.15589995E+02
  0.80000000E+00 0.11269460E+02
  0.84000000E+00 0.88879353E+01
  0.88000000E+00 0.73759704E+01
  0.92000000E+00 0.63284034E+01
  0.96000000E+00 0.55579089E+01
  0.10000000E+01 0.49659423E+01
  0.10400000E+01 0.44957148E+01
  0.10800000E+01 0.41121944E+01
  0.11200000E+01 0.37926022E+01
  0.11600000E+01 0.35214717E+01
  0.12000000E+01 0.32879468E+01
  0.12400000E+01 0.30841761E+01
  0.12800000E+01 0.29043400E+01
  0.13200000E+01 0.27440345E+01
  0.13600000E+01 0.25998641E+01
  0.14000000E+01 0.24691681E+01
  0.14400000E+01 0.23498329E+01
  0.14800000E+01 0.22401579E+01
  0.15200000E+01 0.21387575E+01
  0.15600000E+01 0.20444922E+01
  0.16000000E+01 0.19564163E+01
  0.16400000E+01 0.18737371E+01
  0.16800000E+01 0.17957860E+01
  0.17200000E+01 0.17219936E+01
  0.17600000E+01 0.16518727E+01
  0.18000000E+01 0.15850033E+01
  0.18400000E+01 0.15210211E+01
  0.18800000E+01 0.14596084E+01
  0.19200000E+01 0.14004869E+01
  0.19600000E+01 0.13434107E+01
  0.20000000E+01 0.12881621E+01
KBPotential  L  =      2.00000  -0.40000
 -0.20000000E+01 0.14384339E+01
 -0.19600000E+01 0.14252183E+01
 -0.19200000E+01 0.14118948E+01
 -0.18800000E+01 0.13984606E+01
 -0.18400000E+01 0.13849131E+01
 -0.18000000E+01 0.13712495E+01
 -0.17600000E+01 0.13574669E+01
 -0.17200000E+01 0.13435621E+01
 -0.16800000E+01 0.13295321E+01
 -0.16400000E+01 0.13153735E+01
 -0.16000000E+01 0.13010828E+01
 -0.15600000E+01 0.12866564E+01
 -0.15200000E+01 0.12720905E+01
 -0.14800000E+01 0.12573811E+01
 -0.14400000E+01 0.12425241E+01
 -0.14000000E+01 0.12275151E+01
 -0.13600000E+01 0.12123496E+01
 -0.13200000E+01 0.11970227E+01
 -0.12800000E+01 0.11815295E+01
 -0.12400000E+01 0.11658646E+01
 -0.12000000E+01 0.11500224E+01
 -0.11600000E+01 0.11339971E+01
 -0.11200000E+01 0.11177824E+01
 -0.10800000E+01 0.11013719E+01
 -0.10400000E+01 0.10847586E+01
 -0.10000000E+01 0.10679351E+01
 -0.96000000E+00 0.10508939E+01
 -0.92000000E+00 0.10336266E+01
 -0.88000000E+00 0.10161246E+01
 -0.84000000E+00 0.99837840E+00
 -0.80000000E+00 0.98037845E+00
 -0.76000000E+00 0.96211404E+00
 -0.72000000E+00 0.94357408E+00
 -0.68000000E+00 0.92474664E+00
 -0.64000000E+00 0.90561873E+00
 -0.60000000E+00 0.88617688E+00
 -0.56000000E+00 0.86640640E+00
 -0.52000000E+00 0.84629092E+00
 -0.48000000E+00 0.82581404E+00
 -0.44000000E+00 0.80495717E+00
 -0.40000000E+00 0.78370045E+00
 -0.36000000E+00 0.76202240E+00
 -0.32000000E+00 0.73989976E+00
 -0.28000000E+00 0.71730717E+00
 -0.24000000E+00 0.69421705E+00
 -0.20000000E+00 0.67059932E+00
 -0.16000000E+00 0.64642102E+00
 -0.12000000E+00 0.62164604E+00
 -0.80000000E-01 0.59623466E+00
 -0.40000000E-01 0.57014309E+00
  0.12351231E-14 0.54332291E+00
  0.40000000E-01 0.51572042E+00
  0.80000000E-01 0.48727597E+00
  0.12000000E+00 0.45792287E+00
  0.16000000E+00 0.42758650E+00
  0.20000000E+00 0.39618302E+00
  0.24000000E+00 0.36361780E+00
  0.28000000E+00 0.32978365E+00
  0.32000000E+00 0.29455897E+00
  0.36000000E+00 0.25780318E+00
  0.40000000E+00 0.21935723E+00
  0.44000000E+00 0.17903574E+00
  0.48000000E+00 0.13662374E+00
  0.52000000E+00 0.91870073E-01
  0.56000000E+00 0.44479147E-01
  0.60000000E+00-0.58992965E-02
  0.64000000E+00-0.59683614E-01
  0.68000000E+00-0.11737778E+00
  0.72000000E+00-0.17959472E+00
  0.76000000E+00-0.24708745E+00
  0.80000000E+00-0.32079186E+00
  0.84000000E+00-0.40188620E+00
  0.88000000E+00-0.49187501E+00
  0.92000000E+00-0.59271120E+00
  0.96000000E+00-0.70697669E+00
  0.10000000E+01-0.83815872E+00
  0.10400000E+01-0.99108537E+00
  0.10800000E+01-0.11726397E+01
  0.11200000E+01-0.13929844E+01
  0.11600000E+01-0.16677814E+01
  0.12000000E+01-0.20224958E+01
  0.12400000E+01-0.25014918E+01
  0.12800000E+01-0.31895688E+01
  0.13200000E+01-0.42716283E+01
  0.13600000E+01-0.62422554E+01
  0.14000000E+01-0.11021142E+02
  0.14400000E+01-0.40309022E+02
  0.14800000E+01 0.26071323E+02
  0.15200000E+01 0.10056170E+02
  0.15600000E+01 0.62868492E+01
  0.16000000E+01 0.45916041E+01
  0.16400000E+01 0.36210176E+01
  0.16800000E+01 0.29875053E+01
  0.17200000E+01 0.25379560E+01
  0.17600000E+01 0.21997117E+01
  0.18000000E+01 0.19338569E+01
  0.18400000E+01 0.17176649E+01
  0.18800000E+01 0.15369710E+01
  0.19200000E+01 0.13824841E+01
  0.19600000E+01 0.12478549E+01
  0.20000000E+01 0.11285954E+01
KBPotential  L  =      3.00000   0.00000
 -0.20000000E+01 0.16118222E+01
 -0.19600000E+01 0.15994386E+01
 -0.19200000E+01 0.15869616E+01
 -0.18800000E+01 0.15743892E+01
 -0.18400000E+01 0.15617192E+01
 -0.18000000E+01 0.15489495E+01
 -0.17600000E+01 0.15360779E+01
 -0.17200000E+01 0.15231021E+01
 -0.16800000E+01 0.15100197E+01
 -0.16400000E+01 0.14968281E+01
 -0.16000000E+01 0.14835249E+01
 -0.15600000E+01 0.14701073E+01
 -0.15200000E+01 0.14565726E+01
 -0.14800000E+01 0.14429179E+01
 -0.14400000E+01 0.14291403E+01
 -0.14000000E+01 0.14152366E+01
 -0.13600000E+01 0.14012036E+01
 -0.13200000E+01 0.13870380E+01
 -0.12800000E+01 0.13727363E+01
 -0.12400000E+01 0.13582949E+01
 -0.12000000E+01 0.13437100E+01
 -0.11600000E+01 0.13289778E+01
 -0.11200000E+01 0.13140940E+01
 -0.10800000E+01 0.12990545E+01
 -0.10400000E+01 0.12838547E+01
 -0.10000000E+01 0.12684901E+01
 -0.96000000E+00 0.12529559E+01
 -0.92000000E+00 0.12372468E+01
 -0.88000000E+00 0.12213577E+01
 -0.84000000E+00 0.12052830E+01
 -0.80000000E+00 0.11890169E+01
 -0.76000000E+00 0.11725533E+01
 -0.72000000E+00 0.11558859E+01
 -0.68000000E+00 0.11390079E+01
 -0.64000000E+00 0.11219124E+01
 -0.60000000E+00 0.11045919E+01
 -0.56000000E+00 0.10870388E+01
 -0.52000000E+00 0.10692449E+01
 -0.48000000E+00 0.10512016E+01
 -0.44000000E+00 0.10329000E+01
 -0.40000000E+00 0.10143304E+01
 -0.36000000E+00 0.99548289E+00
 -0.32000000E+00 0.97634682E+00
 -0.28000000E+00 0.95691099E+00
 -0.24000000E+00 0.93716357E+00
 -0.20000000E+00 0.91709199E+00
 -0.16000000E+00 0.89668297E+00
 -0.12000000E+00 0.87592241E+00
 -0.80000000E-01 0.85479535E+00
 -0.40000000E-01 0.83328588E+00
  0.12351231E-14 0.81137706E+00
  0.40000000E-01 0.78905089E+00
  0.80000000E-01 0.76628815E+00
  0.12000000E+00 0.74306833E+00
  0.16000000E+00 0.71936951E+00
  0.20000000E+00 0.69516825E+00
  0.24000000E+00 0.67043943E+00
  0.28000000E+00 0.64515609E+00
  0.32000000E+00 0.61928931E+00
  0.36000000E+00 0.59280794E+00
  0.40000000E+00 0.56567847E+00
  0.44000000E+00 0.53786471E+00
  0.48000000E+00 0.50932758E+00
  0.52000000E+00 0.48002479E+00
  0.56000000E+00 0.44991049E+00
  0.60000000E+00 0.41893487E+00
  0.64000000E+00 0.38704379E+00
  0.68000000E+00 0.35417818E+00
  0.72000000E+00 0.32027358E+00
  0.76000000E+00 0.28525940E+00
  0.80000000E+00 0.24905824E+00
  0.84000000E+00 0.21158503E+00
  0.88000000E+00 0.17274599E+00
  0.92000000E+00 0.13243756E+00
  0.96000000E+00 0.90545024E-01
  0.10000000E+01 0.46940994E-01
  0.10400000E+01 0.14835675E-02
  0.10800000E+01-0.45985795E-01
  0.11200000E+01-0.95644796E-01
  0.11600000E+01-0.14769330E+00
  0.12000000E+01-0.20235692E+00
  0.12400000E+01-0.25989133E+00
  0.12800000E+01-0.32058741E+00
  0.13200000E+01-0.38477763E+00
  0.13600000E+01-0.45284370E+00
  0.14000000E+01-0.52522614E+00
  0.14400000E+01-0.60243599E+00
  0.14800000E+01-0.68506964E+00
  0.15200000E+01-0.77382741E+00
  0.15600000E+01-0.86953729E+00
  0.16000000E+01-0.97318543E+00
  0.16400000E+01-0.10859559E+01
  0.16800000E+01-0.12092829E+01
  0.17200000E+01-0.13449210E+01
  0.17600000E+01-0.14950391E+01
  0.18000000E+01-0.16623516E+01
  0.18400000E+01-0.18503006E+01
  0.18800000E+01-0.20633180E+01
  0.19200000E+01-0.23072084E+01
  0.19600000E+01-0.25897264E+01
  0.20000000E+01-0.29214697E+01
KBPotential  L  =      4.00000   0.00000
 -0.20000000E+01 0.18986251E+01
 -0.19600000E+01 0.18883966E+01
 -0.19200000E+01 0.18781175E+01
 -0.18800000E+01 0.18677867E+01
 -0.18400000E+01 0.18574044E+01
 -0.18000000E+01 0.18469684E+01
 -0.17600000E+01 0.18364810E+01
 -0.17200000E+01 0.18259385E+01
 -0.16800000E+01 0.18153406E+01
 -0.16400000E+01 0.18046875E+01
 -0.16000000E+01 0.17939770E+01
 -0.15600000E+01 0.17832098E+01
 -0.15200000E+01 0.17723840E+01
 -0.14800000E+01 0.17614991E+01
 -0.14400000E+01 0.17505542E+01
 -0.14000000E+01 0.17395480E+01
 -0.13600000E+01 0.17284804E+01
 -0.13200000E+01 0.17173497E+01
 -0.12800000E+01 0.17061538E+01
 -0.12400000E+01 0.16948951E+01
 -0.12000000E+01 0.16835695E+01
 -0.11600000E+01 0.16721761E+01
 -0.11200000E+01 0.16607162E+01
 -0.10800000E+01 0.16491864E+01
 -0.10400000E+01 0.16375860E+01
 -0.10000000E+01 0.16259141E+01
 -0.96000000E+00 0.16141693E+01
 -0.92000000E+00 0.16023506E+01
 -0.88000000E+00 0.15904566E+01
 -0.84000000E+00 0.15784858E+01
 -0.80000000E+00 0.15664365E+01
 -0.76000000E+00 0.15543095E+01
 -0.72000000E+00 0.15421009E+01
 -0.68000000E+00 0.15298102E+01
 -0.64000000E+00 0.15174357E+01
 -0.60000000E+00 0.15049758E+01
 -0.56000000E+00 0.14924293E+01
 -0.52000000E+00 0.14797943E+01
 -0.48000000E+00 0.14670690E+01
 -0.44000000E+00 0.14542520E+01
 -0.40000000E+00 0.14413413E+01
 -0.36000000E+00 0.14283351E+01
 -0.32000000E+00 0.14152318E+01
 -0.28000000E+00 0.14020290E+01
 -0.24000000E+00 0.13887249E+01
 -0.20000000E+00 0.13753176E+01
 -0.16000000E+00 0.13618046E+01
 -0.12000000E+00 0.13481841E+01
 -0.80000000E-01 0.13344536E+01
 -0.40000000E-01 0.13206109E+01
  0.12351231E-14 0.13066534E+01
  0.40000000E-01 0.12925789E+01
  0.80000000E-01 0.12783846E+01
  0.12000000E+00 0.12640679E+01
  0.16000000E+00 0.12496261E+01
  0.20000000E+00 0.12350563E+01
  0.24000000E+00 0.12203557E+01
  0.28000000E+00 0.12055211E+01
  0.32000000E+00 0.11905494E+01
  0.36000000E+00 0.11754374E+01
  0.40000000E+00 0.11601817E+01
  0.44000000E+00 0.11447788E+01
  0.48000000E+00 0.11292250E+01
  0.52000000E+00 0.11135168E+01
  0.56000000E+00 0.10976501E+01
  0.60000000E+00 0.10816209E+01
  0.64000000E+00 0.10654250E+01
  0.68000000E+00 0.10490581E+01
  0.72000000E+00 0.10325156E+01
  0.76000000E+00 0.10157929E+01
  0.80000000E+00 0.99888500E+00
  0.84000000E+00 0.98178689E+00
  0.88000000E+00 0.96449326E+00
  0.92000000E+00 0.94699860E+00
  0.96000000E+00 0.92929717E+00
  0.10000000E+01 0.91138298E+00
  0.10400000E+01 0.89324980E+00
  0.10800000E+01 0.87489113E+00
  0.11200000E+01 0.85630016E+00
  0.11600000E+01 0.83746981E+00
  0.12000000E+01 0.81839266E+00
  0.12400000E+01 0.79906097E+00
  0.12800000E+01 0.77946664E+00
  0.13200000E+01 0.75960118E+00
  0.13600000E+01 0.73945570E+00
  0.14000000E+01 0.71902093E+00
  0.14400000E+01 0.69828705E+00
  0.14800000E+01 0.67724387E+00
  0.15200000E+01 0.65588061E+00
  0.15600000E+01 0.63418601E+00
  0.16000000E+01 0.61214818E+00
  0.16400000E+01 0.58975464E+00
  0.16800000E+01 0.56699226E+00
  0.17200000E+01 0.54384717E+00
  0.17600000E+01 0.52030480E+00
  0.18000000E+01 0.49634974E+00
  0.18400000E+01 0.47196574E+00
  0.18800000E+01 0.44713561E+00
  0.19200000E+01 0.42184119E+00
  0.19600000E+01 0.39606325E+00
  0.20000000E+01 0.36978150E+00
