Pb:                                     
   17  83.  0.002000 208.98000 125.  0.50E-040.200  400F91 78.00000
  0.7  1.0   0
  1.0  0.0  0.5-6595.1082 2.0000
  2.0  0.0  0.5-1186.0827 2.0000
  2.0  1.0  1.5-1016.1450 6.0000
  3.0  0.0  0.5 -286.5860 2.0000
  3.0  1.0  1.5 -237.9666 6.0000
  3.0  2.0  2.5 -189.161110.0000
  4.0  0.0  0.5  -65.7385 2.0000
  4.0  1.0  1.5  -49.7743 6.0000
  4.0  2.0  2.5  -31.518510.0000
  4.0  3.0  3.5  -11.295214.0000
  5.0  0.0  0.5  -11.5312 2.0000
  5.0  1.0  1.5   -7.0185 6.0000
  5.0  2.0  2.5   -2.004410.0000
  6.0  0.0  0.5   -1.0780 2.0000
  6.0  1.0  1.5   -0.3506 3.0000
  6.0  2.0  1.5   -0.2000 0.0000
  5.0  3.0  2.5   -0.2000 0.0000
