Pb:                                     
 0.596577293E+00 0.604121315E+00 0.611759792E+00 0.619493890E+00 0.627324787E+00
 0.635253675E+00 0.643281763E+00 0.651410270E+00 0.659640434E+00 0.667973506E+00
 0.676410751E+00 0.684953450E+00 0.693602899E+00 0.702360411E+00 0.711227313E+00
 0.720204948E+00 0.729294676E+00 0.738497871E+00 0.747815927E+00 0.757250251E+00
 0.766802269E+00 0.776473422E+00 0.786265171E+00 0.796178991E+00 0.806216377E+00
 0.816378840E+00 0.826667910E+00 0.837085136E+00 0.847632082E+00 0.858310335E+00
 0.869121496E+00 0.880067189E+00 0.891149054E+00 0.902368753E+00 0.913727966E+00
 0.925228393E+00 0.936871753E+00 0.948659788E+00 0.960594257E+00 0.972676942E+00
 0.984909646E+00 0.997294192E+00 0.100983242E+01 0.102252621E+01 0.103537743E+01
 0.104838801E+01 0.106155987E+01 0.107489497E+01 0.108839528E+01 0.110206281E+01
 0.111589958E+01 0.112990764E+01 0.114408905E+01 0.115844592E+01 0.117298037E+01
 0.118769453E+01 0.120259058E+01 0.121767071E+01 0.123293714E+01 0.124839211E+01
 0.126403790E+01 0.127987680E+01 0.129591114E+01 0.131214326E+01 0.132857554E+01
 0.134521039E+01 0.136205023E+01 0.137909753E+01 0.139635478E+01 0.141382449E+01
 0.143150920E+01 0.144941150E+01 0.146753397E+01 0.148587926E+01 0.150445002E+01
 0.152324896E+01 0.154227878E+01 0.156154226E+01 0.158104216E+01 0.160078132E+01
 0.162076257E+01 0.164098880E+01 0.166146291E+01 0.168218787E+01 0.170316663E+01
 0.172440222E+01 0.174589769E+01 0.176765610E+01 0.178968059E+01 0.181197428E+01
 0.183454038E+01 0.185738209E+01 0.188050268E+01 0.190390543E+01 0.192759368E+01
 0.195157078E+01 0.197584014E+01 0.200040520E+01 0.202526944E+01 0.205043637E+01
 0.207590954E+01 0.210169255E+01 0.212778904E+01 0.215420267E+01 0.218093715E+01
 0.220799624E+01 0.223538374E+01 0.226310347E+01 0.229115932E+01 0.231955520E+01
 0.234829508E+01 0.237738295E+01 0.240682287E+01 0.243661893E+01 0.246677526E+01
 0.249729603E+01 0.252818548E+01 0.255944787E+01 0.259108752E+01 0.262310879E+01
 0.265551608E+01 0.268831385E+01 0.272150659E+01 0.275509886E+01 0.278909526E+01
 0.282350043E+01 0.285831906E+01 0.289355589E+01 0.292921572E+01 0.296530339E+01
 0.300182380E+01 0.303878188E+01 0.307618264E+01 0.311403112E+01 0.315233242E+01
 0.319109170E+01 0.323031415E+01 0.327000505E+01 0.331016969E+01 0.335081345E+01
 0.339194176E+01 0.343356007E+01 0.347567394E+01 0.351828895E+01 0.356141075E+01
 0.360504503E+01 0.364919755E+01 0.369387415E+01 0.373908068E+01 0.378482308E+01
 0.383110736E+01 0.387793955E+01 0.392532578E+01 0.397327222E+01 0.402178510E+01
 0.407087072E+01 0.412053543E+01 0.417078566E+01 0.422162788E+01 0.427306864E+01
 0.432511456E+01 0.437777229E+01 0.443104858E+01 0.448495022E+01 0.453948409E+01
 0.459465711E+01 0.465047628E+01 0.470694867E+01 0.476408140E+01 0.482188167E+01
 0.488035675E+01 0.493951396E+01 0.499936071E+01 0.505990447E+01 0.512115277E+01
 0.518311322E+01 0.524579350E+01 0.530920136E+01 0.537334461E+01 0.543823114E+01
 0.550386891E+01 0.557026596E+01 0.563743038E+01 0.570537036E+01 0.577409413E+01
 0.584361002E+01 0.591392643E+01 0.598505182E+01 0.605699473E+01 0.612976378E+01
 0.620336766E+01 0.627781513E+01 0.635311503E+01 0.642927628E+01 0.650630787E+01
 0.658421885E+01 0.666301838E+01 0.674271568E+01 0.682332003E+01 0.690484080E+01
 0.698728745E+01 0.707066950E+01 0.715499656E+01 0.724027829E+01 0.732652447E+01
 0.741374491E+01 0.750194954E+01 0.759114834E+01 0.768135139E+01 0.777256882E+01
 0.786481087E+01 0.795808783E+01 0.805241008E+01 0.814778809E+01 0.824423239E+01
 0.834175360E+01 0.844036241E+01 0.854006958E+01 0.864088598E+01 0.874282252E+01
 0.884589022E+01 0.895010015E+01 0.905546348E+01 0.916199145E+01 0.926969537E+01
 0.937858663E+01 0.948867671E+01 0.959997715E+01 0.971249958E+01 0.982625568E+01
 0.994125725E+01 0.100575161E+02 0.101750442E+02 0.102938536E+02 0.104139562E+02
 0.105353643E+02 0.106580901E+02 0.107821458E+02 0.109075439E+02 0.110342967E+02
 0.111624169E+02 0.112919169E+02 0.114228094E+02 0.115551071E+02 0.116888229E+02
 0.118239695E+02 0.119605600E+02 0.120986072E+02 0.122381242E+02 0.123791242E+02
 0.125216204E+02 0.126656259E+02 0.128111541E+02 0.129582183E+02 0.131068320E+02
 0.132570087E+02 0.134087619E+02 0.135621051E+02 0.137170521E+02 0.138736165E+02
 0.140318121E+02 0.141916527E+02 0.143531522E+02 0.145163244E+02 0.146811833E+02
 0.148477428E+02 0.150160171E+02 0.151860202E+02 0.153577662E+02 0.155312693E+02
 0.157065436E+02 0.158836034E+02 0.160624628E+02 0.162431363E+02 0.164256381E+02
 0.166099825E+02 0.167961839E+02 0.169842567E+02 0.171742152E+02 0.173660739E+02
 0.175598472E+02 0.177555496E+02 0.179531954E+02 0.181527992E+02 0.183543753E+02
 0.185579383E+02 0.187635026E+02 0.189710826E+02 0.191806928E+02 0.193923476E+02
 0.196060613E+02 0.198218485E+02 0.200397235E+02 0.202597005E+02 0.204817940E+02
 0.207060182E+02 0.209323873E+02 0.211609157E+02 0.213916173E+02 0.216245064E+02
 0.218595971E+02 0.220969033E+02 0.223364390E+02 0.225782180E+02 0.228222543E+02
 0.230685615E+02 0.233171534E+02 0.235680434E+02 0.238212452E+02 0.240767722E+02
 0.243346376E+02 0.245948547E+02 0.248574365E+02 0.251223962E+02 0.253897465E+02
 0.256595003E+02 0.259316702E+02 0.262062686E+02 0.264833080E+02 0.267628005E+02
 0.270447583E+02 0.273291932E+02 0.276161170E+02 0.279055413E+02 0.281974774E+02
 0.284919367E+02 0.287889301E+02 0.290884684E+02 0.293905624E+02 0.296952225E+02
 0.300024588E+02 0.303122814E+02 0.306247000E+02 0.309397241E+02 0.312573631E+02
 0.315776260E+02 0.319005215E+02 0.322260581E+02 0.325542441E+02 0.328850874E+02
 0.332185957E+02 0.335547762E+02 0.338936362E+02 0.342351822E+02 0.345794206E+02
 0.349263577E+02 0.352759989E+02 0.356283499E+02 0.359834154E+02 0.363412003E+02
 0.367017087E+02 0.370649446E+02 0.374309113E+02 0.377996120E+02 0.381710493E+02
 0.385452254E+02 0.389221421E+02 0.393018007E+02 0.396842022E+02 0.400693469E+02
 0.404572348E+02 0.408478652E+02 0.412412372E+02 0.416373491E+02 0.420361989E+02
 0.424377840E+02 0.428421012E+02 0.432491467E+02 0.436589164E+02 0.440714052E+02
 0.444866079E+02 0.449045183E+02 0.453251298E+02 0.457484351E+02 0.461744263E+02
 0.466030948E+02 0.470344315E+02 0.474684265E+02 0.479050691E+02 0.483443482E+02
 0.487862518E+02 0.492307672E+02 0.496778810E+02 0.501275791E+02 0.505798466E+02
 0.510346678E+02 0.514920264E+02 0.519519050E+02 0.524142857E+02 0.528791496E+02
 0.533464771E+02 0.538162477E+02 0.542884400E+02 0.547630319E+02 0.552400002E+02
 0.557193210E+02 0.562009694E+02 0.566849198E+02 0.571711452E+02 0.576596183E+02
 0.581503103E+02 0.586431918E+02 0.591382323E+02 0.596354003E+02 0.601346634E+02
 0.606359881E+02 0.611393398E+02 0.616446833E+02 0.621519818E+02 0.626611978E+02
 0.631722928E+02 0.636852269E+02 0.641999595E+02 0.647164486E+02 0.652346514E+02
 0.657545238E+02 0.662760206E+02 0.667990954E+02 0.673237010E+02 0.678497887E+02
 0.683773089E+02 0.689062105E+02 0.694364418E+02 0.699679493E+02 0.705006788E+02
 0.710345747E+02 0.715695803E+02 0.721056375E+02 0.726426874E+02 0.731806694E+02
 0.737195221E+02 0.742591828E+02 0.747995873E+02 0.753406705E+02 0.758823660E+02
 0.764246062E+02 0.769673221E+02 0.775104436E+02 0.780538994E+02 0.785976170E+02
 0.791415226E+02 0.796855412E+02 0.802295965E+02 0.807736111E+02 0.813175064E+02
 0.818612024E+02 0.824046182E+02 0.829476713E+02 0.834902785E+02 0.840323550E+02
 0.845738149E+02 0.851145714E+02 0.856545362E+02 0.861936200E+02 0.867317324E+02
 0.872687819E+02 0.878046757E+02 0.883393201E+02 0.888726203E+02 0.894044803E+02
 0.899348031E+02 0.904634909E+02 0.909904445E+02 0.915155641E+02 0.920387486E+02
 0.925598962E+02 0.930789041E+02 0.935956685E+02 0.941100849E+02 0.946220479E+02
 0.951314511E+02 0.956381878E+02 0.961421499E+02 0.966432292E+02 0.971413163E+02
 0.976363016E+02 0.981280745E+02 0.986165241E+02 0.991015389E+02 0.995830067E+02
 0.100060815E+03 0.100534851E+03 0.101005002E+03 0.101471153E+03 0.101933191E+03
 0.102391002E+03 0.102844472E+03 0.103293486E+03 0.103737930E+03 0.104177689E+03
 0.104612648E+03 0.105042695E+03 0.105467713E+03 0.105887590E+03 0.106302212E+03
 0.106711465E+03 0.107115237E+03 0.107513414E+03 0.107905886E+03 0.108292540E+03
 0.108673267E+03 0.109047956E+03 0.109416499E+03 0.109778787E+03 0.110134713E+03
 0.110484172E+03 0.110827058E+03 0.111163268E+03 0.111492699E+03 0.111815250E+03
 0.112130822E+03 0.112439318E+03 0.112740640E+03 0.113034694E+03 0.113321388E+03
 0.113600631E+03 0.113872334E+03 0.114136411E+03 0.114392777E+03 0.114641350E+03
 0.114882050E+03 0.115114800E+03 0.115339527E+03 0.115556157E+03 0.115764622E+03
 0.115964855E+03 0.116156794E+03 0.116340378E+03 0.116515551E+03 0.116682259E+03
 0.116840452E+03 0.116990083E+03 0.117131110E+03 0.117263492E+03 0.117387196E+03
 0.117502189E+03 0.117608445E+03 0.117705939E+03 0.117794653E+03 0.117874573E+03
 0.117945688E+03 0.118007992E+03 0.118061486E+03 0.118106172E+03 0.118142059E+03
 0.118169162E+03 0.118187498E+03 0.118197093E+03 0.118197975E+03 0.118190178E+03
 0.118173743E+03 0.118148716E+03 0.118115147E+03 0.118073093E+03 0.118022618E+03
 0.117963789E+03 0.117896681E+03 0.117821374E+03 0.117737956E+03 0.117646519E+03
 0.117547162E+03 0.117439990E+03 0.117325115E+03 0.117202655E+03 0.117072734E+03
 0.116935484E+03 0.116791042E+03 0.116639552E+03 0.116481165E+03 0.116316039E+03
 0.116144337E+03 0.115966230E+03 0.115781896E+03 0.115591518E+03 0.115395289E+03
 0.115193405E+03 0.114986070E+03 0.114773496E+03 0.114555900E+03 0.114333507E+03
 0.114106547E+03 0.113875258E+03 0.113639884E+03 0.113400674E+03 0.113157886E+03
 0.112911783E+03 0.112662634E+03 0.112410714E+03 0.112156305E+03 0.111899693E+03
 0.111641173E+03 0.111381043E+03 0.111119607E+03 0.110857176E+03 0.110594063E+03
 0.110330591E+03 0.110067083E+03 0.109803869E+03 0.109541285E+03 0.109279669E+03
 0.109019365E+03 0.108760719E+03 0.108504083E+03 0.108249810E+03 0.107998259E+03
 0.107749791E+03 0.107504768E+03 0.107263558E+03 0.107026527E+03 0.106794048E+03
 0.106566491E+03 0.106344229E+03 0.106127637E+03 0.105917091E+03 0.105712964E+03
 0.105515633E+03 0.105325472E+03 0.105142856E+03 0.104968158E+03 0.104801749E+03
 0.104644000E+03 0.104495278E+03 0.104355949E+03 0.104226373E+03 0.104106910E+03
 0.103997914E+03 0.103899736E+03 0.103812721E+03 0.103737209E+03 0.103673536E+03
 0.103622029E+03 0.103583012E+03 0.103556798E+03 0.103543696E+03 0.103544005E+03
 0.103558016E+03 0.103586012E+03 0.103628265E+03 0.103685040E+03 0.103756587E+03
 0.103843150E+03 0.103944959E+03 0.104062233E+03 0.104195179E+03 0.104343991E+03
 0.104508850E+03 0.104689922E+03 0.104887362E+03 0.105101309E+03 0.105331884E+03
 0.105579198E+03 0.105843343E+03 0.106124394E+03 0.106422412E+03 0.106737439E+03
 0.107069499E+03 0.107418601E+03 0.107784734E+03 0.108167867E+03 0.108567953E+03
 0.108984923E+03 0.109418692E+03 0.109869151E+03 0.110336175E+03 0.110819616E+03
 0.111319305E+03 0.111835056E+03 0.112366658E+03 0.112913880E+03 0.113476472E+03
 0.114054161E+03 0.114646651E+03 0.115253628E+03 0.115874753E+03 0.116509668E+03
 0.117157992E+03 0.117819325E+03 0.118493241E+03 0.119179299E+03 0.119877030E+03
 0.120585951E+03 0.121305553E+03 0.122035308E+03 0.122774670E+03 0.123523071E+03
 0.124279923E+03 0.125044621E+03 0.125816539E+03 0.126595036E+03 0.127379449E+03
 0.128169101E+03 0.128963297E+03 0.129761327E+03 0.130562464E+03 0.131365967E+03
 0.132171083E+03 0.132977042E+03 0.133783065E+03 0.134588360E+03 0.135392123E+03
 0.136193542E+03 0.136991795E+03 0.137786054E+03 0.138575481E+03 0.139359234E+03
 0.140136467E+03 0.140906329E+03 0.141667966E+03 0.142420524E+03 0.143163147E+03
 0.143894982E+03 0.144615177E+03 0.145322885E+03 0.146017261E+03 0.146697469E+03
 0.147362679E+03 0.148012071E+03 0.148644833E+03 0.149260168E+03 0.149857289E+03
 0.150435425E+03 0.150993820E+03 0.151531736E+03 0.152048452E+03 0.152543271E+03
 0.153015513E+03 0.153464523E+03 0.153889671E+03 0.154290353E+03 0.154665989E+03
 0.155016032E+03 0.155339961E+03 0.155637290E+03 0.155907562E+03 0.156150355E+03
 0.156365284E+03 0.156551998E+03 0.156710184E+03 0.156839568E+03 0.156939917E+03
 0.157011036E+03 0.157052773E+03 0.157065020E+03 0.157047712E+03 0.157000826E+03
 0.156924389E+03 0.156818469E+03 0.156683184E+03 0.156518698E+03 0.156325222E+03
 0.156103016E+03 0.155852388E+03 0.155573694E+03 0.155267340E+03 0.154933780E+03
 0.154573516E+03 0.154187101E+03 0.153775135E+03 0.153338265E+03 0.152877187E+03
 0.152392645E+03 0.151885429E+03 0.151356373E+03 0.150806360E+03 0.150236312E+03
 0.149647199E+03 0.149040030E+03 0.148415855E+03 0.147775765E+03 0.147120886E+03
 0.146452382E+03 0.145771451E+03 0.145079325E+03 0.144377265E+03 0.143666561E+03
 0.142948531E+03 0.142224517E+03 0.141495881E+03 0.140764009E+03 0.140030300E+03
 0.139296171E+03 0.138563049E+03 0.137832371E+03 0.137105580E+03 0.136384124E+03
 0.135669450E+03 0.134963003E+03 0.134266222E+03 0.133580540E+03 0.132907375E+03
 0.132248132E+03 0.131604197E+03 0.130976934E+03 0.130367683E+03 0.129777756E+03
 0.129208434E+03 0.128660963E+03 0.128136551E+03 0.127636363E+03 0.127161525E+03
 0.126713109E+03 0.126292141E+03 0.125899591E+03 0.125536374E+03 0.125203344E+03
 0.124901293E+03 0.124630949E+03 0.124392969E+03 0.124187942E+03 0.124016385E+03
 0.123878738E+03 0.123775365E+03 0.123706551E+03 0.123672498E+03 0.123673328E+03
 0.123709077E+03 0.123779695E+03 0.123885048E+03 0.124024912E+03 0.124198974E+03
 0.124406835E+03 0.124648005E+03 0.124921905E+03 0.125227865E+03 0.125565129E+03
 0.125932851E+03 0.126330097E+03 0.126755849E+03 0.127209001E+03 0.127688365E+03
 0.128192671E+03 0.128720567E+03 0.129270626E+03 0.129841346E+03 0.130431149E+03
 0.131038391E+03 0.131661361E+03 0.132298285E+03 0.132947328E+03 0.133606602E+03
 0.134274166E+03 0.134948034E+03 0.135626176E+03 0.136306523E+03 0.136986975E+03
 0.137665403E+03 0.138339655E+03 0.139007561E+03 0.139666939E+03 0.140315602E+03
 0.140951358E+03 0.141572024E+03 0.142175424E+03 0.142759402E+03 0.143321819E+03
 0.143860570E+03 0.144373580E+03 0.144858816E+03 0.145314291E+03 0.145738068E+03
 0.146128269E+03 0.146483080E+03 0.146800756E+03 0.147079624E+03 0.147318095E+03
 0.147514661E+03 0.147667908E+03 0.147776514E+03 0.147839258E+03 0.147855024E+03
 0.147822804E+03 0.147741702E+03 0.147610937E+03 0.147429849E+03 0.147197901E+03
 0.146914680E+03 0.146579901E+03 0.146193409E+03 0.145755181E+03 0.145265327E+03
 0.144724090E+03 0.144131848E+03 0.143489115E+03 0.142796539E+03 0.142054901E+03
 0.141265119E+03 0.140428237E+03 0.139545435E+03 0.138618017E+03 0.137647413E+03
 0.136635177E+03 0.135582981E+03 0.134492611E+03 0.133365966E+03 0.132205049E+03
 0.131011968E+03 0.129788923E+03 0.128538207E+03 0.127262199E+03 0.125963352E+03
 0.124644195E+03 0.123307319E+03 0.121955376E+03 0.120591064E+03 0.119217127E+03
 0.117836344E+03 0.116451519E+03 0.115065477E+03 0.113681052E+03 0.112301081E+03
 0.110928396E+03 0.109565813E+03 0.108216125E+03 0.106882094E+03 0.105566442E+03
 0.104271842E+03 0.103000913E+03 0.101756204E+03 0.100540197E+03 0.993552903E+02
 0.982037944E+02 0.970879245E+02 0.960097936E+02 0.949714046E+02 0.939746451E+02
 0.930212802E+02 0.921129476E+02 0.912511512E+02 0.904372574E+02 0.896724893E+02
 0.889579237E+02 0.882944862E+02 0.876829495E+02 0.871239294E+02 0.866178837E+02
 0.861651097E+02 0.857657442E+02 0.854197614E+02 0.851269743E+02 0.848870341E+02
 0.846994319E+02 0.845635001E+02 0.844784143E+02 0.844431960E+02 0.844567161E+02
 0.845176979E+02 0.846247218E+02 0.847762293E+02 0.849705291E+02 0.852058020E+02
 0.854801065E+02 0.857913859E+02 0.861374746E+02 0.865161056E+02 0.869249174E+02
 0.873614624E+02 0.878232142E+02 0.883075772E+02 0.888118931E+02 0.893334518E+02
 0.898694984E+02 0.904172436E+02 0.909738716E+02 0.915365500E+02 0.921024385E+02
 0.926686988E+02 0.932325021E+02 0.937910400E+02 0.943415316E+02 0.948812337E+02
 0.954074480E+02 0.959175312E+02 0.964089007E+02 0.968790451E+02 0.973255292E+02
 0.977460034E+02 0.981382087E+02 0.984999849E+02 0.988292750E+02 0.991241328E+02
 0.993827259E+02 0.996033429E+02 0.997843957E+02 0.999244251E+02 0.100022102E+03
 0.100076235E+03 0.100085765E+03 0.100049774E+03 0.999674862E+02 0.998382639E+02
 0.996616123E+02 0.994371784E+02 0.991647499E+02 0.988442551E+02 0.984757603E+02
 0.980594692E+02 0.975957195E+02 0.970849796E+02 0.965278485E+02 0.959250487E+02
 0.952774241E+02 0.945859346E+02 0.938516528E+02 0.930757578E+02 0.922595310E+02
 0.914043497E+02 0.905116813E+02 0.895830797E+02 0.886201770E+02 0.876246765E+02
 0.865983489E+02 0.855430228E+02 0.844605810E+02 0.833529511E+02 0.822221015E+02
 0.810700318E+02 0.798987694E+02 0.787103590E+02 0.775068602E+02 0.762903365E+02
 0.750628535E+02 0.738264679E+02 0.725832262E+02 0.713351535E+02 0.700842533E+02
 0.688324959E+02 0.675818191E+02 0.663341170E+02 0.650912411E+02 0.638549896E+02
 0.626271084E+02 0.614092824E+02 0.602031360E+02 0.590102249E+02 0.578320375E+02
 0.566699874E+02 0.555254152E+02 0.543995817E+02 0.532936704E+02 0.522087811E+02
 0.511459333E+02 0.501060601E+02 0.490900126E+02 0.480985542E+02 0.471323654E+02
 0.461920392E+02 0.452780857E+02 0.443909297E+02 0.435309130E+02 0.426982944E+02
 0.418932537E+02 0.411158898E+02 0.403662261E+02 0.396442096E+02 0.389497159E+02
 0.382825486E+02 0.376424455E+02 0.370290778E+02 0.364420564E+02 0.358809321E+02
 0.353452011E+02 0.348343062E+02 0.343476425E+02 0.338845583E+02 0.334443612E+02
 0.330263191E+02 0.326296662E+02 0.322536043E+02 0.318973085E+02 0.315599289E+02
 0.312405958E+02 0.309384218E+02 0.306525064E+02 0.303819382E+02 0.301257997E+02
 0.298831695E+02 0.296531257E+02 0.294347488E+02 0.292271252E+02 0.290293493E+02
 0.288405267E+02 0.286597768E+02 0.284862348E+02 0.283190546E+02 0.281574104E+02
 0.280004974E+02 0.278475386E+02 0.276977815E+02 0.275505011E+02 0.274050017E+02
 0.272606176E+02 0.271167150E+02 0.269726922E+02 0.268279808E+02 0.266820461E+02
 0.265343881E+02 0.263845382E+02 0.262320688E+02 0.260765838E+02 0.259177226E+02
 0.257551588E+02 0.255886011E+02 0.254177916E+02 0.252425064E+02 0.250625543E+02
 0.248777765E+02 0.246880452E+02 0.244932638E+02 0.242933646E+02 0.240883089E+02
 0.238780850E+02 0.236627074E+02 0.234422165E+02 0.232166763E+02 0.229861731E+02
 0.227508148E+02 0.225107288E+02 0.222660616E+02 0.220169767E+02 0.217636538E+02
 0.215062867E+02 0.212450830E+02 0.209802618E+02 0.207120530E+02 0.204406955E+02
 0.201664366E+02 0.198895299E+02 0.196102349E+02 0.193288152E+02 0.190455379E+02
 0.187606719E+02 0.184744876E+02 0.181872547E+02 0.178992429E+02 0.176107193E+02
 0.173219488E+02 0.170331923E+02 0.167447071E+02 0.164567448E+02 0.161695518E+02
 0.158833680E+02 0.155984268E+02 0.153149537E+02 0.150331670E+02 0.147532765E+02
 0.144754836E+02 0.141999807E+02 0.139269513E+02 0.136565693E+02 0.133889994E+02
 0.131243964E+02 0.128629055E+02 0.126046621E+02 0.123497919E+02 0.120984107E+02
 0.118506247E+02 0.116065303E+02 0.113662146E+02 0.111297551E+02 0.108972203E+02
 0.106686693E+02 0.104441529E+02 0.102237128E+02 0.100073827E+02 0.979518803E+01
 0.958714655E+01 0.938326831E+01 0.918355634E+01 0.898800654E+01 0.879660841E+01
 0.860934495E+01 0.842619341E+01 0.824712516E+01 0.807210650E+01 0.790109849E+01
 0.773405682E+01 0.757093454E+01 0.741167994E+01 0.725623712E+01 0.710454683E+01
 0.695654725E+01 0.681217298E+01 0.667135720E+01 0.653402913E+01 0.640011864E+01
 0.626955091E+01 0.614225285E+01 0.601814692E+01 0.589715818E+01 0.577920718E+01
 0.566421801E+01 0.555211024E+01 0.544280650E+01 0.533622759E+01 0.523229793E+01
 0.513093743E+01 0.503207178E+01 0.493562198E+01 0.484151548E+01 0.474967499E+01
 0.466003028E+01 0.457250615E+01 0.448703501E+01 0.440354423E+01 0.432196926E+01
 0.424224026E+01 0.416429595E+01 0.408806959E+01 0.401350340E+01 0.394053387E+01
 0.386910684E+01 0.379916287E+01 0.373064946E+01 0.366351278E+01 0.359770330E+01
 0.353317074E+01 0.346986929E+01 0.340775219E+01 0.334677729E+01 0.328690134E+01
 0.322808577E+01 0.317029044E+01 0.311348058E+01 0.305761969E+01 0.300267604E+01
 0.294861628E+01 0.289541193E+01 0.284303269E+01 0.279145315E+01 0.274064588E+01
 0.269058840E+01 0.264125598E+01 0.259262888E+01 0.254468490E+01 0.249740686E+01
 0.245077492E+01 0.240477426E+01 0.235938723E+01 0.231460119E+01 0.227040048E+01
 0.222677446E+01 0.218370931E+01 0.214119591E+01 0.209922295E+01 0.205778208E+01
 0.201686376E+01 0.197646113E+01 0.193656596E+01 0.189717269E+01 0.185827427E+01
 0.181986628E+01 0.178194270E+01 0.174450010E+01 0.170753336E+01 0.167103992E+01
 0.163501538E+01 0.159945794E+01 0.156436384E+01 0.152973188E+01 0.149555883E+01
 0.146184400E+01 0.142858457E+01 0.139578025E+01 0.136342854E+01 0.133152949E+01
 0.130008081E+01 0.126908279E+01 0.123853329E+01 0.120843276E+01 0.117877917E+01
 0.114957302E+01 0.112081231E+01 0.109249760E+01 0.106462686E+01 0.103720059E+01
 0.101021670E+01 0.983675637E+00 0.957575181E+00 0.931915668E+00 0.906694727E+00
 0.881912555E+00 0.857566606E+00 0.833656898E+00 0.810180525E+00 0.787137469E+00
 0.764524766E+00 0.742342016E+00 0.720586006E+00 0.699256117E+00 0.678348894E+00
 0.657863470E+00 0.637796133E+00 0.618145779E+00 0.598908445E+00 0.580082766E+00
 0.561664520E+00 0.543652099E+00 0.526041031E+00 0.508829450E+00 0.492012631E+00
 0.475588471E+00 0.459552009E+00 0.443900552E+00 0.428629929E+00 0.413736195E+00
 0.399215298E+00 0.385063074E+00 0.371275257E+00 0.357847481E+00 0.344775277E+00
 0.332054087E+00 0.319679260E+00 0.307646056E+00 0.295949656E+00 0.284585033E+00
 0.273547346E+00 0.262831546E+00 0.252432517E+00 0.242345083E+00 0.232564009E+00
 0.223084009E+00 0.213899747E+00 0.205005845E+00 0.196396885E+00 0.188067415E+00
 0.180011954E+00 0.172224994E+00 0.164701009E+00 0.157434457E+00 0.150419784E+00
 0.143651430E+00 0.137123834E+00 0.130831439E+00 0.124768694E+00 0.118930060E+00
 0.113310016E+00 0.107903063E+00 0.102703724E+00 0.977065541E-01 0.929061422E-01
 0.882971144E-01 0.838741391E-01 0.796319303E-01 0.755652518E-01 0.716689203E-01
 0.679378096E-01 0.643668534E-01 0.609510488E-01 0.576854595E-01 0.545652186E-01
 0.515855318E-01 0.487416795E-01 0.460290197E-01 0.434429904E-01 0.409791117E-01
 0.386329876E-01 0.364003085E-01 0.342768522E-01 0.322584860E-01 0.303411676E-01
 0.285209469E-01 0.267939662E-01 0.251564621E-01 0.236047654E-01 0.221353019E-01
 0.207445930E-01 0.194292556E-01 0.181860024E-01 0.170116418E-01 0.159030777E-01
 0.148573090E-01 0.138714292E-01 0.129426258E-01 0.120681796E-01 0.112454636E-01
 0.104719423E-01 0.974517027E-02 0.906279123E-02 0.842253658E-02 0.782222407E-02
 0.725975625E-02 0.673311899E-02 0.624037973E-02 0.577968590E-02 0.534926306E-02
 0.494741311E-02 0.457251246E-02 0.422301005E-02 0.389742549E-02 0.359434704E-02
 0.331242962E-02 0.305038354E-02 0.280700076E-02 0.258112380E-02 0.237165375E-02
 0.217754827E-02 0.199781954E-02 0.183153227E-02 0.167780169E-02 0.153579160E-02
 0.140471240E-02 0.128381918E-02 0.117240984E-02 0.106982325E-02 0.975437389E-03
 0.888667624E-03 0.808964936E-03 0.735814248E-03 0.668732769E-03 0.607268402E-03
 0.550998183E-03 0.499526783E-03 0.452485050E-03 0.409528602E-03 0.370336474E-03
 0.334609811E-03 0.302070613E-03 0.272460527E-03 0.245539697E-03 0.221085652E-03
 0.198892249E-03 0.178768664E-03 0.160538431E-03 0.144038520E-03 0.129118470E-03
 0.115639561E-03 0.103474028E-03 0.925043231E-04 0.826224137E-04 0.737167420E-04
 0.657093450E-04 0.585164651E-04 0.520614359E-04 0.462741532E-04 0.410905780E-04
 0.364522715E-04 0.323059603E-04 0.286031298E-04 0.252996450E-04 0.223553976E-04
 0.197339760E-04 0.174023607E-04 0.153306390E-04 0.134917426E-04 0.118612029E-04
 0.104169257E-04 0.913898211E-05 0.800941637E-05 0.701206813E-05 0.613240914E-05
 0.535739295E-05 0.467531695E-05 0.407569577E-05 0.354914536E-05 0.308727692E-05
 0.268259995E-05 0.232843381E-05 0.201882708E-05 0.174848420E-05 0.151269875E-05
 0.130729282E-05 0.112856217E-05 0.973226403E-06 0.838384044E-06 0.721471855E-06
 0.620228203E-06 0.532660032E-06 0.457013156E-06 0.391745562E-06 0.335503461E-06
 0.287099827E-06 0.245495191E-06 0.209780474E-06 0.179161680E-06 0.152946239E-06
 0.130530868E-06 0.111390771E-06 0.950700689E-07 0.811733134E-07 0.693579800E-07
 0.593278426E-07 0.508271301E-07 0.436353861E-07 0.375629548E-07 0.324470284E-07
 0.281481939E-07 0.245474283E-07 0.215434955E-07 0.190507032E-07 0.169969870E-07
 0.153222916E-07 0.139772256E-07 0.129219733E-07 0.121254506E-07 0.115647010E-07
 0.112245253E-07 0.110973878E-07 0.111835593E-07 0.918393037E-08 0.752991306E-08
 0.616394374E-08 0.503766323E-08 0.411051037E-08 0.334851975E-08 0.272329558E-08
 0.221113752E-08 0.179229705E-08 0.145034611E-08 0.117164182E-08 0.944873535E-09
 0.760680247E-09 0.611327875E-09 0.490437635E-09 0.392757771E-09 0.313972071E-09
 0.250539530E-09 0.199560340E-09 0.158664083E-09 0.125916620E-09 0.997426960E-10
 0.788617274E-10 0.622346249E-10 0.490198405E-10 0.385371066E-10 0.302375792E-10
 0.236793021E-10 0.185070818E-10 0.144360145E-10 0.112380275E-10 0.873090616E-11
 0.676936588E-11 0.523780130E-11 0.404441101E-11 0.311644593E-11 0.239637462E-11
 0.183879505E-11 0.140795275E-11 0.107575048E-11 0.820155607E-12 0.623928271E-12
 0.473608150E-12 0.358708861E-12 0.271078925E-12 0.204395970E-12 0.153767298E-12
 0.115415146E-12 0.864292645E-13 0.645728544E-13 0.481307028E-13 0.357906268E-13
 0.265511328E-13 0.196496651E-13 0.145069874E-13 0.106841718E-13 0.784941952E-14
 0.575252739E-14 0.420528745E-14 0.306647769E-14 0.223039758E-14 0.161813318E-14
 0.117091893E-14 0.845105603E-15 0.608355818E-15 0.436774972E-15 0.312753376E-15
 0.223347537E-15 0.159069117E-15 0.112981330E-15 0.800265497E-16 0.565273359E-16
 0.398171612E-16 0.279678886E-16 0.195892072E-16 0.136814440E-16 0.952785043E-17
 0.661600443E-17 0.458062109E-17 0.316206254E-17 0.217632498E-17 0.149339213E-17
 0.102166925E-17 0.696823181E-18 0.473805418E-18 0.321167729E-18 0.217023825E-18
 0.146189328E-18 0.981625175E-19 0.657031808E-19 0.438355675E-19 0.291511139E-19
 0.193223800E-19 0.127653168E-19 0.840536480E-20 0.551599563E-20 0.360762950E-20
 0.235146659E-20 0.152743475E-20 0.988738624E-21 0.637798103E-21 0.409973373E-21
 0.262595029E-21 0.167595900E-21 0.106579539E-21 0.675313230E-22 0.426329096E-22
 0.268151479E-22 0.168034339E-22 0.104902422E-22 0.652423394E-23 0.404219135E-23
 0.249479141E-23 0.153379821E-23 0.939302124E-24 0.572969952E-24 0.348124119E-24
 0.210667846E-24 0.126972687E-24 0.762177649E-25 0.455639914E-25 0.271264317E-25
 0.160825355E-25 0.949495207E-26 0.558203813E-26 0.326768224E-26 0.190466654E-26
 0.110538915E-26 0.638724290E-27 0.367450133E-27 0.210452826E-27 0.119996063E-27
 0.681113528E-28 0.384854475E-28 0.216462285E-28 0.121188275E-28 0.675329172E-29
 0.374568032E-29 0.206771090E-29 0.113599473E-29 0.621117212E-30 0.337959591E-30
 0.182992393E-30 0.985964541E-31 0.528606335E-31 0.281986887E-31 0.149669559E-31
 0.790366373E-32 0.415237046E-32 0.217029367E-32 0.112843787E-32 0.583653857E-33
 0.300284768E-33 0.153671386E-33 0.782196480E-34 0.395988960E-34 0.199377319E-34
 0.998331571E-35 0.497119745E-35 0.246158589E-35 0.121204073E-35 0.593400594E-36
 0.288860019E-36 0.139802706E-36 0.672685756E-37 0.321778532E-37 0.153013441E-37
 0.723284440E-38 0.339840283E-38 0.158710548E-38 0.736683198E-39 0.339843089E-39
 0.155803540E-39 0.709832244E-40 0.321359985E-40 0.144565119E-40 0.646172813E-41
 0.286962340E-41 0.126610472E-41 0.554957986E-42 0.241642552E-42 0.104516882E-42
 0.449030560E-43 0.191610056E-43 0.812063458E-44 0.341796058E-44 0.142864883E-44
 0.592981359E-45 0.244393282E-45 0.100010482E-45 0.406335699E-46 0.163901377E-46
 0.656316244E-47 0.260886254E-47 0.102936901E-47 0.403131729E-48 0.156694163E-48
 0.604452717E-49 0.231392380E-49 0.878994758E-50 0.331319600E-50 0.123909459E-50
 0.459759750E-51 0.169238447E-51 0.617989270E-52 0.223845647E-52 0.804218324E-53
 0.000000000E+00 0.000000000E+00 0.000000000E+00 0.000000000E+00 0.000000000E+00
 0.000000000E+00 0.000000000E+00 0.000000000E+00 0.000000000E+00 0.000000000E+00
 0.000000000E+00 0.000000000E+00 0.000000000E+00 0.000000000E+00 0.000000000E+00
 0.000000000E+00 0.000000000E+00 0.000000000E+00 0.000000000E+00 0.000000000E+00
 0.000000000E+00 0.000000000E+00 0.000000000E+00 0.000000000E+00 0.000000000E+00
 0.000000000E+00 0.000000000E+00 0.000000000E+00 0.000000000E+00 0.000000000E+00
 0.000000000E+00 0.000000000E+00 0.000000000E+00 0.000000000E+00 0.000000000E+00
 0.000000000E+00 0.000000000E+00 0.000000000E+00 0.000000000E+00 0.000000000E+00
 0.000000000E+00 0.000000000E+00 0.000000000E+00 0.000000000E+00 0.000000000E+00
 0.000000000E+00 0.000000000E+00 0.000000000E+00 0.000000000E+00 0.000000000E+00
 0.000000000E+00 0.000000000E+00 0.000000000E+00 0.000000000E+00 0.000000000E+00
 0.000000000E+00 0.000000000E+00 0.000000000E+00 0.000000000E+00 0.000000000E+00
 0.000000000E+00 0.000000000E+00 0.000000000E+00 0.000000000E+00 0.000000000E+00
 0.000000000E+00 0.000000000E+00 0.000000000E+00 0.000000000E+00 0.000000000E+00
 0.000000000E+00 0.000000000E+00 0.000000000E+00 0.000000000E+00 0.000000000E+00
 0.000000000E+00 0.000000000E+00 0.000000000E+00 0.000000000E+00 0.000000000E+00
 0.000000000E+00 0.000000000E+00 0.000000000E+00 0.000000000E+00 0.000000000E+00
 0.000000000E+00 0.000000000E+00 0.000000000E+00 0.000000000E+00 0.000000000E+00
 0.000000000E+00 0.000000000E+00 0.000000000E+00 0.000000000E+00 0.000000000E+00
 0.000000000E+00 0.000000000E+00 0.000000000E+00 0.000000000E+00 0.000000000E+00
 0.000000000E+00 0.000000000E+00 0.000000000E+00 0.000000000E+00 0.000000000E+00
 0.000000000E+00 0.000000000E+00 0.000000000E+00 0.000000000E+00 0.000000000E+00
 0.000000000E+00 0.000000000E+00 0.000000000E+00 0.000000000E+00 0.000000000E+00
 0.000000000E+00 0.000000000E+00 0.000000000E+00 0.000000000E+00 0.000000000E+00
 0.000000000E+00 0.000000000E+00 0.000000000E+00 0.000000000E+00 0.000000000E+00
 0.000000000E+00 0.000000000E+00 0.000000000E+00 0.000000000E+00 0.000000000E+00
 0.000000000E+00 0.000000000E+00 0.000000000E+00 0.000000000E+00 0.000000000E+00
 0.000000000E+00 0.000000000E+00 0.000000000E+00 0.000000000E+00 0.000000000E+00
 0.000000000E+00 0.000000000E+00 0.000000000E+00 0.000000000E+00 0.000000000E+00
 0.000000000E+00 0.000000000E+00 0.000000000E+00 0.000000000E+00 0.000000000E+00
 0.000000000E+00 0.000000000E+00 0.000000000E+00 0.000000000E+00 0.000000000E+00
 0.000000000E+00 0.000000000E+00 0.000000000E+00 0.000000000E+00 0.000000000E+00
 0.000000000E+00 0.000000000E+00 0.000000000E+00 0.000000000E+00 0.000000000E+00
 0.000000000E+00 0.000000000E+00 0.000000000E+00 0.000000000E+00 0.000000000E+00
 0.000000000E+00 0.000000000E+00 0.000000000E+00 0.000000000E+00 0.000000000E+00
 0.000000000E+00 0.000000000E+00 0.000000000E+00 0.000000000E+00 0.000000000E+00
 0.000000000E+00 0.000000000E+00 0.000000000E+00 0.000000000E+00 0.000000000E+00
 0.000000000E+00 0.000000000E+00 0.000000000E+00 0.000000000E+00 0.000000000E+00
 0.000000000E+00 0.000000000E+00 0.000000000E+00 0.000000000E+00 0.000000000E+00
 0.000000000E+00 0.000000000E+00 0.000000000E+00 0.000000000E+00 0.000000000E+00
 0.000000000E+00 0.000000000E+00 0.000000000E+00 0.000000000E+00 0.000000000E+00
 0.000000000E+00 0.000000000E+00 0.000000000E+00 0.000000000E+00 0.000000000E+00
 0.000000000E+00 0.000000000E+00 0.000000000E+00 0.000000000E+00 0.000000000E+00
 0.000000000E+00 0.000000000E+00 0.000000000E+00 0.000000000E+00 0.000000000E+00
 0.000000000E+00 0.000000000E+00 0.000000000E+00 0.000000000E+00 0.000000000E+00
 0.000000000E+00 0.000000000E+00 0.000000000E+00 0.000000000E+00 0.000000000E+00
 0.000000000E+00 0.000000000E+00 0.000000000E+00 0.000000000E+00 0.000000000E+00
 0.000000000E+00 0.000000000E+00 0.000000000E+00 0.000000000E+00 0.000000000E+00
 0.000000000E+00 0.000000000E+00 0.000000000E+00 0.000000000E+00 0.000000000E+00
 0.000000000E+00 0.000000000E+00 0.000000000E+00 0.000000000E+00 0.000000000E+00
 0.000000000E+00 0.000000000E+00 0.000000000E+00 0.000000000E+00 0.000000000E+00
 0.000000000E+00 0.000000000E+00 0.000000000E+00 0.000000000E+00 0.000000000E+00
 0.000000000E+00 0.000000000E+00 0.000000000E+00 0.000000000E+00 0.000000000E+00
 0.000000000E+00 0.000000000E+00 0.000000000E+00 0.000000000E+00 0.000000000E+00
 0.000000000E+00 0.000000000E+00 0.000000000E+00 0.000000000E+00 0.000000000E+00
 0.000000000E+00 0.000000000E+00 0.000000000E+00 0.000000000E+00 0.000000000E+00
 0.000000000E+00 0.000000000E+00 0.000000000E+00 0.000000000E+00 0.000000000E+00
 0.000000000E+00 0.000000000E+00 0.000000000E+00 0.000000000E+00 0.000000000E+00
 0.000000000E+00 0.000000000E+00 0.000000000E+00 0.000000000E+00 0.000000000E+00
